101111110000
101101101000
101101101100
110000100111
110110100011
111101100011
000101000000
001011111100
010001001011
010100111000
010101010100
010001001111
001000000100
111110001000
110101011100
110001000111
110010000111
111010010111
000101010011
001110100011
010011001011
010010111100
001111111111
001100111111
001100001111
001011100111
001011110100
001100111100
001110010100
010001100111
010011100100
010001100000
001010011000
111111101111
110101100111
110000001111
110010100100
111001011011
000011001011
001100100100
010011111000
010101100111
010011010111
001110011100
001000010100
000001101011
111010111100
110100011111
101110011000
101011111111
101100110011
110000101000
110111001011
111111001011
000111001100
001101011111
010000111011
010001011000
001111110111
001101110111
001011110100
001100011111
001101111011
001110111011
001110100000
001101001100
001011111100
001100000111
001110110100
010000101111
010001011100
001111100011
001010100111
000011010011
111011000100
110011101011
101110011000
101011111100
101100110011
110000101011
110111100111
111110010011
000101000100
001011100000
010001001011
010100111011
010101010100
010001001111
001000000111
111110001011
110101011100
110001000100
110010100111
111001011100
000011001000
001100100011
010011011011
010110011100
010101011100
010000011000
001000000111
111110001000
110101011111
110001000111
110010001000
111010010100
000101010000
001110100000
010011001011
010010111011
001111111100
001101000000
001100010011
001011100111
001011110011
001100111100
001110010111
010001100111
010011100100
010001100000
001010011000
111111110000
110101100111
110000010011
110010001000
111010010100
000101010011
001110100011
010011101000
010010000100
001101111000
001011000100
001100000111
010000000000
010011011000
010010010011
001010110011
111110110111
110011100000
101110010100
110010011011
111101111000
001010110000
010001111011
001111111000
000011101111
110101011011
101101010000
110000000111
111100010000
001010100100
010010101111
001111011011
000100100111
110111100000
101111001100
101111110111
111000101111
000101000111
001111010111
010011100111
010010000011
001101110111
001011000011
001100000100
010000000000
010011011000
010010010100
001010010111
111111101111
110101100111
110000001111
110010000111
111010010111
000101010011
001110100011
010011001011
010010111111
010000000000
001101000000
001100010011
001011101000
001011110100
001100111100
001110010111
010001101000
010011100011
010001011111
001010110100
111110110111
110011100000
101110010100
110010011000
111101110111
001010101111
010001111011
001111011000
000100100100
110111100000
101111001011
101111110100
111000101100
000101001011
001111010100
010011001011
010010111100
010000000000
001101000011
001100010000
001011100111
001011110111
001100111111
001110010111
010001101000
010011100100
010001100011
001010110011
111110111000
110011100000
101110010111
110010110111
111100111111
001000100111
001111111111
001111101011
001000001000
111100111111
110010100111
101100101000
101001100000
101010100011
101111100100
110111111011
000001111000
001010100011
001110111100
001101110111
000101101100
111010101111
110001011111
101100110111
101101000111
110000000000
110011000000
110100001011
110011100011
110010000100
110001000111
110001011111
110010110100
110100000011
110011110111
110001001111
101111010000
101110100100
110000011100
110101011000
111100101111
000100111011
001100010011
010001100100
010011111111
010011001100
001111010011
001000010111
000001101100
111010111100
110100011111
101110011011
101100000000
101100110100
110000101100
110111101000
111110010011
000101000011
001011011111
010001100111
010011111111
010011001011
001111010011
001000010100
000001101011
111010111100
110100011111
101110110100
101011000100
101010101100
101110101111
110111011011
000010101111
001100101011
010000110111
001101100111
000010000111
110101001111
101110000011
110000000100
111100010011
001010100111
010010110000
001111111000
000011101100
110101011000
101101001111
110000100100
111011011000
001000011111
010000110100
001111101100
001000001011
111101000000
110010100111
101100100100
101001100000
101010100000
101111100100
110111111000
000001110111
001010100011
001110111000
001101011011
000110100011
111100110100
110011011011
101100100111
101001100000
101010100011
101111100111
110111011011
000010101111
001100101000
010000110111
001101001000
000011000000
110111010100
110000000000
110000010011
110111110111
000011000000
001101011011
010011111000
010101101000
010011010100
001110011111
001000110011
000000110011
111000110100
110010100000
101110101011
101111100011
110010010100
110100001000
110011011100
110000110111
101110101100
101111100111
110100111000
111101100100
000111000011
001110010000
010001010111
010000011100
001101101111
001011111011
001100000111
010000000000
010011011011
010010010011
001010010111
111111101100
110101100111
110000010000
110010001000
111010010100
000101010011
001110100000
010011001011
010010111100
010000000000
001101000011
001011110100
001100011111
001101111100
001110111011
001110100100
001101001100
001011111111
001100000111
001110110011
010000101111
010001011011
001111100011
001011000100
000010011011
111000111111
110001110000
101111001000
101110101011
110000001011
110010001011
110011101111
110100011000
110100001011
110011000011
110001001100
101111010000
101110100011
110000011100
110100111011
111101100111
000111000011
001110010000
010000111000
010001010111
001111110111
001101110111
001100010011
001011100111
001011110111
001100111100
001110110100
010000110000
010001011100
001111100011
001011000011
000010011000
111000111111
110001110000
101110101011
101111100100
110010010000
110100000111
110011011100
110000111000
101110101111
101111101000
110100111100
111101100100
000111000000
001110010000
010000111000
010001010100
001111110100
001101110100
001011110011
001100011111
001101111100
001110111011
001110000111
001110000111
001110000111
001110000111
001110100100
001101001100
001011111111
001100001000
001110110011
010000101111
010001011011
001111100011
001010101000
000011010011
111011000111
110011101011
101110110111
101011000111
101010101100
101110101111
110111111011
000001110100
001010100000
001110111011
001101011011
000110100011
111100110100
110011011100
101100100100
101001100011
101010100000
101111100100
110111111011
000001110111
001010100100
001110111011
001101111000
000101101100
111010101100
110001011100
101100110100
101101000011
110000000000
110011000000
110100001100
110011100011
110010000100
110001000111
110001111000
110001111011
110001111000
110001111000
110001111000
110001111011
110001111011
110001111011
110001111011
110001111100
110001111011
110001111100
110001011100
110010110011
110100000011
110011110111
110001101000
101110011000
101100011100
101110100011
110101101011
000000010011
001010011000
001111101111
001101011000
000110100011
111100110100
110011011100
101100001000
101010011011
101100101011
110001011111
110111100111
111110010011
000101000011
001011011111
010001001000
010100110111
010101010100
010001001111
001000000100
111110001000
110101011111
110001000111
110010001000
111010010100
000101010000
001110100000
010011100111
010010000011
001101110111
001011000100
001100100000
001111001000
010001010011
010000010111
001011000100
000010011011
111000111111
110001110000
101111001000
101110101011
110000001000
110010001000
110100001011
110011100000
110010000100
110001000111
110001111011
110001111100
110001111100
110001111011
110001111000
110001111000
110001111011
110001111011
110001111000
110001111000
110001111000
110001111000
110001111000
110001111011
110001111100
110001111011
110001111011
110001111011
110001111000
110001111000
110001011100
110010110011
110100000000
110011111000
110001101011
101110011011
101100011100
101110100000
110101001100
000001001000
001100100000
010001101000
001101100100
000010000111
110101001111
101110000011
110000000111
111100010011
001010100111
010010101111
001111011011
000100100111
110111100000
101111001100
101111111000
111000101111
000101001000
001111010111
010011001011
010010111100
001111111111
001100111111
001011110100
001100011100
001101111100
001110111000
001110100100
001101001100
001100000000
001100001011
001110110100
010000110000
010001011100
001111100011
001011000100
000010011000
111000111111
110001101111
101111000111
101110101011
110000001100
110010001011
110011101111
110100011000
110100001011
110011000000
110001101000
101110010111
101100011011
101110100011
110101101011
000000010000
001010011011
001111110000
001101011011
000110100011
111100110100
110011011011
101100000100
101010011000
101100101000
110001100011
110111001100
111111001011
000111001011
001101011011
010000111000
010001010100
001111110100
001101110100
001100010000
001011100111
001011110100
001100111111
001110010111
010001101000
010011100011
010001011111
001010010111
111111101111
110101100111
110000010000
110010100111
111001011111
000011001011
001100100100
010011010111
010110011111
010101011100
010000011011
001000000100
111110001000
110101011100
110001000100
110010000100
111010010100
000101010000
001110100000
010011001011
010010111011
001111111111
001101000011
001100010011
