-873
-933
-989
-1.04e+03
-1.08e+03
-1.12e+03
-1.15e+03
-1.18e+03
-1.19e+03
-1.2e+03
-1.19e+03
-1.17e+03
-1.14e+03
-1.1e+03
-1.05e+03
-985
-881
-800
-705
-605
-500
-392
-276
-157
-40
80
203
320
436
551
660
764
832
928
1.02e+03
1.1e+03
1.17e+03
1.24e+03
1.3e+03
1.34e+03
1.37e+03
1.38e+03
1.38e+03
1.36e+03
1.33e+03
1.27e+03
1.2e+03
1.1e+03
960
804
664
516
360
200
39
-120
-276
-420
-556
-676
-777
-860
-920
-953
-997
-1.01e+03
-964
-889
-789
-665
-521
-361
-193
-17
163
339
504
663
804
931
1e+03
1.12e+03
1.18e+03
1.23e+03
1.25e+03
1.25e+03
1.24e+03
1.21e+03
1.18e+03
1.13e+03
1.08e+03
1.02e+03
967
920
875
831
828
828
807
783
768
756
747
743
739
743
747
756
768
783
807
828
827
831
872
916
971
1.02e+03
1.08e+03
1.13e+03
1.18e+03
1.21e+03
1.24e+03
1.25e+03
1.25e+03
1.23e+03
1.19e+03
1.12e+03
1e+03
931
807
664
507
339
163
-17
-193
-364
-524
-665
-789
-889
-961
-1.01e+03
-997
-957
-921
-860
-777
-673
-556
-421
-272
-120
43
203
364
516
668
804
963
1.11e+03
1.2e+03
1.27e+03
1.33e+03
1.36e+03
1.38e+03
1.38e+03
1.37e+03
1.34e+03
1.3e+03
1.24e+03
1.17e+03
1.1e+03
1.02e+03
924
803
735
636
532
428
323
216
107
0
-109
-217
-324
-429
-537
-636
-737
-860
-980
-1.06e+03
-1.13e+03
-1.19e+03
-1.23e+03
-1.26e+03
-1.28e+03
-1.29e+03
-1.28e+03
-1.26e+03
-1.23e+03
-1.18e+03
-1.13e+03
-1.06e+03
-984
-921
-792
-681
-565
-441
-316
-185
-53
79
211
339
460
575
679
776
863
903
996
1.05e+03
1.08e+03
1.1e+03
1.12e+03
1.12e+03
1.11e+03
1.1e+03
1.08e+03
1.04e+03
1.02e+03
983
948
916
887
828
776
763
756
760
767
780
799
820
844
868
891
912
928
943
955
987
952
943
928
912
888
868
844
820
799
780
764
756
756
763
775
828
884
915
948
983
1.01e+03
1.04e+03
1.07e+03
1.09e+03
1.11e+03
1.12e+03
1.12e+03
1.1e+03
1.08e+03
1.04e+03
995
903
860
775
679
572
459
336
211
79
-53
-184
-316
-441
-564
-680
-789
-921
-981
-1.06e+03
-1.13e+03
-1.19e+03
-1.23e+03
-1.26e+03
-1.28e+03
-1.29e+03
-1.28e+03
-1.26e+03
-1.23e+03
-1.19e+03
-1.13e+03
-1.06e+03
-981
-861
-737
-640
-537
-432
-324
-217
-109
0
108
216
324
431
536
639
736
803
927
1.02e+03
1.1e+03
1.18e+03
1.24e+03
1.3e+03
1.34e+03
1.37e+03
1.38e+03
1.38e+03
1.36e+03
1.33e+03
1.27e+03
1.2e+03
1.1e+03
963
807
667
519
363
203
40
-117
-273
-420
-553
-676
-776
-857
-917
-956
-936
-956
-920
-857
-777
-676
-553
-420
-273
-120
43
200
360
516
667
803
903
1.05e+03
1.15e+03
1.24e+03
1.32e+03
1.37e+03
1.41e+03
1.44e+03
1.45e+03
1.44e+03
1.42e+03
1.37e+03
1.32e+03
1.24e+03
1.15e+03
1.05e+03
900
807
667
519
363
204
43
-120
-273
-420
-553
-673
-776
-857
-917
-953
-993
-1.01e+03
-961
-888
-788
-665
-524
-364
-193
-17
163
336
507
663
807
928
1e+03
1.12e+03
1.18e+03
1.23e+03
1.25e+03
1.25e+03
1.24e+03
1.21e+03
1.17e+03
1.13e+03
1.08e+03
1.02e+03
968
919
872
832
827
831
804
787
768
756
747
743
740
740
747
755
767
784
804
828
828
832
872
919
971
1.02e+03
1.08e+03
1.13e+03
1.18e+03
1.21e+03
1.24e+03
1.25e+03
1.25e+03
1.23e+03
1.18e+03
1.12e+03
1e+03
931
804
664
507
339
163
-16
-193
-364
-524
-665
-788
-885
-961
-1.01e+03
-1.05e+03
-1.01e+03
-961
-888
-788
-664
-521
-364
-193
-16
163
339
507
663
807
931
1.06e+03
1.18e+03
1.23e+03
1.26e+03
1.26e+03
1.24e+03
1.21e+03
1.16e+03
1.1e+03
1.03e+03
956
888
828
775
735
708
671
708
735
775
827
891
955
1.02e+03
1.1e+03
1.16e+03
1.21e+03
1.24e+03
1.26e+03
1.26e+03
1.22e+03
1.17e+03
1.12e+03
980
847
691
516
328
131
-73
-273
-465
-641
-800
-932
-1.03e+03
-1.1e+03
-1.13e+03
-1.15e+03
-1.08e+03
-989
-869
-717
-541
-345
-136
80
295
500
688
852
987
1.09e+03
1.15e+03
1.2e+03
1.2e+03
1.13e+03
1.02e+03
867
680
467
239
-1
-237
-468
-677
-864
-1.01e+03
-1.13e+03
-1.2e+03
-1.25e+03
-1.2e+03
-1.13e+03
-1.02e+03
-864
-680
-468
-240
0
239
467
676
863
1.02e+03
1.13e+03
1.2e+03
1.2e+03
1.15e+03
1.09e+03
987
851
687
499
295
83
-136
-345
-544
-720
-869
-989
-1.08e+03
-1.16e+03
-1.13e+03
-1.1e+03
-1.03e+03
-932
-801
-644
-465
-273
-72
128
327
516
692
847
983
1.12e+03
1.17e+03
1.23e+03
1.26e+03
1.26e+03
1.24e+03
1.2e+03
1.16e+03
1.09e+03
1.02e+03
955
887
824
772
735
707
668
708
735
772
827
887
955
1.02e+03
1.1e+03
1.16e+03
1.2e+03
1.24e+03
1.26e+03
1.26e+03
1.22e+03
1.17e+03
1.06e+03
928
803
663
507
336
160
-17
-193
-365
-524
-665
-789
-889
-964
-1.01e+03
-1.06e+03
-1.01e+03
-961
-889
-788
-665
-521
-361
-193
-17
163
339
507
663
804
931
1e+03
1.12e+03
1.19e+03
1.23e+03
1.25e+03
1.26e+03
1.24e+03
1.22e+03
1.18e+03
1.13e+03
1.08e+03
1.02e+03
971
920
875
832
828
831
807
787
768
759
748
744
740
743
748
756
768
787
804
828
827
832
872
919
971
1.02e+03
1.08e+03
1.13e+03
1.17e+03
1.21e+03
1.24e+03
1.25e+03
1.25e+03
1.22e+03
1.18e+03
1.12e+03
1.06e+03
980
847
692
516
328
128
-73
-273
-465
-644
-800
-932
-1.03e+03
-1.1e+03
-1.13e+03
-1.15e+03
-1.08e+03
-989
-872
-717
-544
-348
-137
79
295
499
687
852
988
1.09e+03
1.15e+03
1.14e+03
1.15e+03
1.08e+03
984
852
687
496
292
79
-137
-348
-544
-721
-873
-993
-1.08e+03
-1.15e+03
-1.13e+03
-1.1e+03
-1.04e+03
-933
-801
-641
-468
-273
-72
128
331
519
692
847
980
1.06e+03
1.12e+03
1.18e+03
1.23e+03
1.25e+03
1.26e+03
1.24e+03
1.21e+03
1.18e+03
1.13e+03
1.08e+03
1.02e+03
968
920
875
835
831
831
807
784
768
756
748
743
740
744
748
759
768
787
807
831
828
835
875
919
971
1.02e+03
1.08e+03
1.13e+03
1.18e+03
1.21e+03
1.24e+03
1.25e+03
1.25e+03
1.23e+03
1.18e+03
1.12e+03
1.06e+03
983
848
691
519
327
131
-72
-273
-464
-644
-800
-932
-1.03e+03
-1.1e+03
-1.13e+03
-1.1e+03
-1.02e+03
-948
-841
-709
-553
-380
-193
-1
192
379
551
708
840
947
1.02e+03
1.04e+03
1.08e+03
1.06e+03
1e+03
920
808
672
520
355
175
-8
-193
-372
-548
-709
-857
-960
-1.05e+03
-1.15e+03
-1.24e+03
-1.31e+03
-1.37e+03
-1.42e+03
-1.44e+03
-1.45e+03
-1.44e+03
-1.41e+03
-1.37e+03
-1.32e+03
-1.24e+03
-1.15e+03
-1.05e+03
-901
-805
-665
-517
-364
-201
-41
120
275
419
555
675
776
860
920
956
996
1.01e+03
963
887
788
664
524
364
192
16
-161
-337
-505
-661
-804
-929
-1e+03
-1.12e+03
-1.18e+03
-1.23e+03
-1.25e+03
-1.25e+03
-1.24e+03
-1.21e+03
-1.17e+03
-1.13e+03
-1.08e+03
-1.02e+03
-969
-917
-872
-832
-769
-777
-764
-757
-760
-765
-780
-797
-821
-845
-868
-892
-913
-932
-945
-953
-989
-953
-945
-929
-913
-892
-869
-844
-821
-800
-781
-765
-760
-757
-764
-777
-829
-885
-916
-945
-980
-1.01e+03
-1.04e+03
-1.07e+03
-1.09e+03
-1.11e+03
-1.12e+03
-1.12e+03
-1.1e+03
-1.08e+03
-1.04e+03
-996
-901
-860
-776
-680
-573
-460
-337
-209
-80
52
184
315
440
563
679
787
919
979
1.06e+03
1.12e+03
1.18e+03
1.23e+03
1.26e+03
1.28e+03
1.29e+03
1.28e+03
1.26e+03
1.23e+03
1.18e+03
1.12e+03
1.06e+03
979
859
736
636
535
431
324
216
108
0
-109
-217
-324
-432
-536
-637
-737
-860
-980
-1.06e+03
-1.13e+03
-1.18e+03
-1.23e+03
-1.26e+03
-1.28e+03
-1.29e+03
-1.28e+03
-1.26e+03
-1.23e+03
-1.18e+03
-1.13e+03
-1.06e+03
-980
-860
-736
-637
-536
-429
-324
-217
-109
0
108
216
323
428
535
635
735
863
979
1.06e+03
1.13e+03
1.18e+03
1.23e+03
1.26e+03
1.28e+03
1.29e+03
1.28e+03
1.26e+03
1.23e+03
1.18e+03
1.12e+03
1.06e+03
979
863
736
636
532
428
323
215
107
0
-108
-217
-324
-432
-536
-637
-737
-801
-928
-1.02e+03
-1.1e+03
-1.17e+03
-1.24e+03
-1.3e+03
-1.34e+03
-1.37e+03
-1.38e+03
-1.38e+03
-1.36e+03
-1.33e+03
-1.27e+03
-1.2e+03
-1.11e+03
-1.02e+03
-860
-709
-549
-373
-193
-9
175
352
523
675
811
920
1e+03
1.06e+03
1.08e+03
1.1e+03
1.08e+03
991
871
720
544
347
135
-81
-296
-500
-689
-853
-988
-1.09e+03
-1.15e+03
-1.2e+03
-1.2e+03
-1.13e+03
-1.02e+03
-865
-680
-469
-237
0
239
467
679
863
1.02e+03
1.13e+03
1.2e+03
1.25e+03
1.2e+03
1.13e+03
1.02e+03
864
679
467
236
0
-240
-469
-680
-865
-1.02e+03
-1.13e+03
-1.2e+03
-1.2e+03
-1.15e+03
-1.09e+03
-988
-853
-689
-500
-296
-80
136
347
543
720
871
992
1.08e+03
1.1e+03
1.08e+03
1.06e+03
1e+03
920
811
675
523
355
175
-8
-192
-373
-545
-708
-857
-961
-1.05e+03
-1.16e+03
-1.24e+03
-1.32e+03
-1.37e+03
-1.41e+03
-1.44e+03
-1.45e+03
-1.44e+03
-1.42e+03
-1.38e+03
-1.32e+03
-1.24e+03
-1.16e+03
-1.05e+03
-904
-808
-668
-520
-364
-204
-44
119
272
419
552
675
775
856
919
952
935
952
916
859
776
675
555
419
275
119
-40
-204
-361
-517
-665
-805
-901
-1.05e+03
-1.15e+03
-1.24e+03
-1.32e+03
-1.37e+03
-1.41e+03
-1.44e+03
-1.45e+03
-1.44e+03
-1.42e+03
-1.37e+03
-1.32e+03
-1.24e+03
-1.16e+03
-1.05e+03
-965
-860
-712
-549
-376
-196
-9
175
351
519
672
808
919
1e+03
1.06e+03
1.08e+03
1.04e+03
1.02e+03
947
840
708
552
376
192
0
-193
-380
-556
-709
-845
-949
-1.02e+03
-1.04e+03
-1.08e+03
-1.06e+03
-1.01e+03
-921
-809
-677
-521
-356
-176
8
192
372
547
711
859
1.02e+03
1.1e+03
1.2e+03
1.27e+03
1.33e+03
1.36e+03
1.38e+03
1.38e+03
1.37e+03
1.34e+03
1.3e+03
1.24e+03
1.18e+03
1.1e+03
1.02e+03
927
863
788
679
563
439
312
183
51
-81
-213
-340
-460
-573
-681
-777
-864
-961
-1.05e+03
-1.09e+03
-1.11e+03
-1.12e+03
-1.11e+03
-1.09e+03
-1.05e+03
-1.01e+03
-969
-924
-876
-836
-804
-776
-760
-785
-760
-776
-804
-836
-876
-924
-969
-1.01e+03
-1.05e+03
-1.09e+03
-1.11e+03
-1.12e+03
-1.11e+03
-1.09e+03
-1.05e+03
-1.02e+03
-916
-821
-712
-588
-452
-305
-156
-4
152
304
451
584
707
816
912
1.02e+03
1.05e+03
1.09e+03
1.11e+03
1.12e+03
1.11e+03
1.09e+03
1.05e+03
1.01e+03
971
923
879
836
804
779
763
728
708
735
775
827
891
956
1.02e+03
1.1e+03
1.16e+03
1.21e+03
1.24e+03
1.26e+03
1.26e+03
1.23e+03
1.17e+03
1.06e+03
928
803
663
507
335
160
-20
-193
-364
-524
-665
-789
-888
-961
-1.01e+03
-1.06e+03
-1.01e+03
-964
-888
-789
-665
-521
-364
-193
-17
163
339
504
663
807
928
1e+03
1.12e+03
1.18e+03
1.23e+03
1.25e+03
1.25e+03
1.24e+03
1.21e+03
1.18e+03
1.13e+03
1.08e+03
1.02e+03
971
919
875
835
771
779
763
756
760
767
780
799
820
847
871
892
915
932
944
955
991
955
944
932
912
892
871
844
820
799
780
767
759
756
760
775
827
884
915
947
980
1.01e+03
1.04e+03
1.07e+03
1.09e+03
1.11e+03
1.12e+03
1.12e+03
1.1e+03
1.08e+03
1.04e+03
995
963
912
819
708
584
448
304
155
-1
-153
-304
-449
-584
-708
-820
-912
-960
-996
-1.04e+03
-1.08e+03
-1.11e+03
-1.12e+03
-1.12e+03
-1.11e+03
-1.1e+03
-1.07e+03
-1.04e+03
-1.01e+03
-981
-949
-917
-885
-888
-829
-808
-785
-772
-757
-749
-744
-744
-744
-749
-757
-772
-785
-808
-829
-888
-888
-917
-948
-981
-1.02e+03
-1.04e+03
-1.07e+03
-1.09e+03
-1.11e+03
-1.12e+03
-1.12e+03
-1.1e+03
-1.08e+03
-1.04e+03
-996
-960
-913
-817
-709
-584
-449
-305
-153
0
155
304
451
583
708
816
912
960
996
1.04e+03
1.08e+03
1.1e+03
1.12e+03
1.12e+03
1.11e+03
1.09e+03
1.07e+03
1.04e+03
1.02e+03
983
947
916
887
887
828
807
787
771
759
751
743
743
743
751
759
771
787
807
828
887
884
916
948
980
1.01e+03
1.04e+03
1.07e+03
1.1e+03
1.11e+03
1.12e+03
1.12e+03
1.1e+03
1.08e+03
1.04e+03
995
960
911
816
707
584
448
307
152
-1
-153
-305
-449
-585
-708
-820
-912
-1.02e+03
-1.05e+03
-1.09e+03
-1.11e+03
-1.12e+03
-1.11e+03
-1.09e+03
-1.05e+03
-1.02e+03
-968
-924
-880
-836
-801
-776
-761
-788
-761
-777
-804
-837
-877
-924
-968
-1.02e+03
-1.05e+03
-1.08e+03
-1.11e+03
-1.12e+03
-1.11e+03
-1.09e+03
-1.05e+03
-1.02e+03
-913
-817
-708
-584
-449
-305
-156
-1
152
304
448
584
708
816
912
960
992
1.04e+03
1.08e+03
1.1e+03
1.12e+03
1.12e+03
1.11e+03
1.09e+03
1.07e+03
1.04e+03
1.01e+03
979
947
915
884
827
776
763
755
759
767
779
799
820
844
871
892
915
932
944
955
928
903
903
903
903
903
903
903
903
903
903
903
903
903
903
903
928
955
944
932
915
892
871
844
820
799
779
767
759
755
763
776
827
884
915
947
980
1.01e+03
1.04e+03
1.07e+03
1.09e+03
1.11e+03
1.12e+03
1.12e+03
1.1e+03
1.08e+03
1.04e+03
995
900
859
775
680
572
460
339
211
79
-53
-181
-313
-440
-564
-680
-789
-861
-928
-1.02e+03
-1.1e+03
-1.17e+03
-1.24e+03
-1.29e+03
-1.34e+03
-1.37e+03
-1.38e+03
-1.38e+03
-1.36e+03
-1.33e+03
-1.27e+03
-1.2e+03
-1.11e+03
-964
-805
-668
-517
-364
-204
-41
116
272
416
552
672
776
859
919
955
936
955
919
859
776
675
555
419
271
119
-40
-204
-361
-517
-665
-804
-901
-1.05e+03
-1.15e+03
-1.24e+03
-1.32e+03
-1.37e+03
-1.41e+03
-1.44e+03
-1.45e+03
-1.44e+03
-1.42e+03
-1.38e+03
-1.32e+03
-1.24e+03
-1.15e+03
-1.05e+03
-905
-804
-665
-517
-361
-201
-40
119
275
423
555
676
776
860
920
955
996
1.01e+03
963
888
788
667
523
364
192
16
-164
-340
-505
-665
-808
-932
-1e+03
-1.12e+03
-1.19e+03
-1.23e+03
-1.25e+03
-1.25e+03
-1.24e+03
-1.21e+03
-1.18e+03
-1.13e+03
-1.08e+03
-1.02e+03
-968
-921
-873
-832
-769
-776
-761
-756
-757
-765
-777
-797
-820
-844
-868
-892
-912
-929
-945
-953
-928
-901
-901
-904
-901
-901
-901
-901
-904
-901
-904
-904
-904
-904
-901
-904
-872
-904
-904
-904
-904
-904
-904
-901
-901
-901
-900
-901
-901
-901
-901
-901
-869
-901
-901
-901
-901
-901
-901
-900
-901
-901
-901
-901
-900
-901
-901
-900
-929
-953
-945
-932
-913
-893
-868
-845
-821
-797
-780
-765
-757
-756
-764
-777
-769
-832
-873
-920
-968
-1.02e+03
-1.08e+03
-1.13e+03
-1.17e+03
-1.21e+03
-1.24e+03
-1.25e+03
-1.25e+03
-1.22e+03
-1.18e+03
-1.12e+03
-1e+03
-928
-805
-661
-508
-340
-164
19
192
363
523
664
787
887
960
1.01e+03
992
952
916
856
776
672
555
419
275
119
-44
-204
-364
-520
-668
-804
-961
-1.1e+03
-1.2e+03
-1.27e+03
-1.33e+03
-1.36e+03
-1.38e+03
-1.38e+03
-1.37e+03
-1.34e+03
-1.29e+03
-1.24e+03
-1.17e+03
-1.1e+03
-1.02e+03
-929
-804
-737
-637
-537
-433
-325
-220
-109
0
108
215
323
428
532
635
735
803
927
1.02e+03
1.1e+03
1.17e+03
1.24e+03
1.29e+03
1.34e+03
1.36e+03
1.38e+03
1.38e+03
1.36e+03
1.33e+03
1.27e+03
1.2e+03
1.1e+03
960
804
667
516
363
203
43
-120
-273
-417
-553
-673
-776
-857
-920
-953
-993
-1.01e+03
-961
-888
-788
-665
-524
-364
-193
-17
163
336
507
663
807
928
1.06e+03
1.17e+03
1.22e+03
1.26e+03
1.26e+03
1.24e+03
1.21e+03
1.16e+03
1.09e+03
1.02e+03
955
887
824
772
735
708
727
760
775
800
836
879
923
968
1.02e+03
1.05e+03
1.08e+03
1.11e+03
1.12e+03
1.11e+03
1.08e+03
1.05e+03
1.02e+03
912
816
708
584
448
304
155
-1
-153
-304
-449
-584
-709
-817
-912
-961
-996
-1.05e+03
-1.08e+03
-1.11e+03
-1.12e+03
-1.12e+03
-1.11e+03
-1.1e+03
-1.07e+03
-1.05e+03
-1.02e+03
-984
-949
-917
-888
-832
-780
-764
-757
-760
-769
-781
-800
-820
-848
-869
-892
-916
-929
-945
-953
-929
-901
-901
-901
-904
-900
-900
-900
-897
-900
-900
-900
-900
-901
-901
-901
-869
-900
-901
-904
-901
-901
-901
-904
-901
-901
-901
-901
-904
-904
-901
-901
-872
-901
-904
-904
-901
-904
-904
-904
-904
-904
-904
-904
-904
-904
-904
-904
-872
-901
-901
-904
-904
-901
-901
-901
-901
-901
-901
-900
-901
-900
-901
-901
-869
-901
-901
-901
-901
-901
-901
-901
-901
-901
-901
-904
-901
-901
-904
-904
-929
-957
-948
-932
-913
-893
-872
-845
-820
-800
-780
-768
-760
-757
-764
-776
-769
-832
-873
-917
-969
-1.02e+03
-1.07e+03
-1.13e+03
-1.17e+03
-1.21e+03
-1.24e+03
-1.25e+03
-1.25e+03
-1.22e+03
-1.19e+03
-1.12e+03
-1.06e+03
-981
-845
-692
-517
-328
-132
72
272
467
643
800
932
1.03e+03
1.1e+03
1.13e+03
1.16e+03
1.08e+03
988
868
719
543
347
135
-81
-296
-501
-689
-853
-988
-1.09e+03
-1.15e+03
-1.2e+03
-1.2e+03
-1.13e+03
-1.02e+03
-865
-681
-468
-237
0
239
467
679
863
1.02e+03
1.13e+03
1.2e+03
1.2e+03
1.15e+03
1.09e+03
987
851
687
499
295
79
-136
-345
-544
-720
-872
-992
-1.08e+03
-1.15e+03
-1.13e+03
-1.1e+03
-1.03e+03
-929
-800
-641
-465
-272
-72
131
328
520
695
848
983
1.06e+03
1.12e+03
1.18e+03
1.23e+03
1.25e+03
1.25e+03
1.24e+03
1.21e+03
1.18e+03
1.13e+03
1.08e+03
1.02e+03
968
919
872
831
768
776
763
756
756
764
780
796
820
843
868
892
911
928
943
952
988
955
944
932
912
891
871
844
820
800
780
768
759
756
763
779
828
887
916
948
983
1.02e+03
1.04e+03
1.07e+03
1.1e+03
1.11e+03
1.12e+03
1.12e+03
1.1e+03
1.08e+03
1.04e+03
995
964
915
820
708
584
451
304
152
-1
-153
-304
-449
-585
-708
-820
-913
-964
-996
-1.05e+03
-1.08e+03
-1.1e+03
-1.12e+03
-1.12e+03
-1.11e+03
-1.09e+03
-1.07e+03
-1.04e+03
-1.01e+03
-980
-948
-916
-885
-888
-829
-805
-785
-769
-757
-748
-744
-741
-745
-748
-757
-772
-785
-808
-832
-829
-836
-873
-920
-969
-1.03e+03
-1.08e+03
-1.13e+03
-1.18e+03
-1.21e+03
-1.24e+03
-1.25e+03
-1.25e+03
-1.23e+03
-1.18e+03
-1.12e+03
-1e+03
-928
-805
-661
-505
-336
-161
16
195
367
523
667
788
888
963
1.01e+03
996
955
919
859
776
675
555
419
272
119
-41
-204
-365
-517
-665
-805
-964
-1.11e+03
-1.2e+03
-1.28e+03
-1.33e+03
-1.37e+03
-1.38e+03
-1.38e+03
-1.37e+03
-1.34e+03
-1.29e+03
-1.24e+03
-1.17e+03
-1.1e+03
-1.01e+03
-925
-861
-788
-680
-564
-444
-313
-181
-53
79
211
336
459
572
680
775
859
903
992
1.04e+03
1.08e+03
1.1e+03
1.12e+03
1.12e+03
1.11e+03
1.09e+03
1.07e+03
1.04e+03
1.01e+03
979
947
915
884
887
831
807
784
768
756
748
743
739
743
748
756
768
784
807
831
828
831
872
919
967
1.02e+03
1.08e+03
1.13e+03
1.17e+03
1.21e+03
1.24e+03
1.25e+03
1.24e+03
1.22e+03
1.18e+03
1.12e+03
1e+03
928
807
663
507
336
163
-17
-193
-364
-524
-665
-788
-888
-961
-1.01e+03
-993
-953
-920
-857
-776
-673
-553
-417
-273
-120
43
203
363
516
667
804
903
1.05e+03
1.15e+03
1.24e+03
1.32e+03
1.37e+03
1.42e+03
1.44e+03
1.45e+03
1.44e+03
1.41e+03
1.37e+03
1.32e+03
1.24e+03
1.15e+03
1.05e+03
903
804
667
516
363
200
40
-120
-273
-420
-556
-676
-780
-860
-920
-956
-996
-1.01e+03
-964
-892
-789
-668
-524
-364
-193
-20
160
336
507
663
803
928
1e+03
1.12e+03
1.18e+03
1.23e+03
1.25e+03
1.25e+03
1.24e+03
1.21e+03
1.18e+03
1.13e+03
1.08e+03
1.02e+03
968
920
872
835
828
832
804
787
771
759
751
743
740
743
748
756
771
788
807
832
887
884
916
948
980
1.01e+03
1.04e+03
1.07e+03
1.1e+03
1.11e+03
1.12e+03
1.12e+03
1.1e+03
1.08e+03
1.04e+03
995
900
856
775
679
575
459
336
211
80
-52
-184
-313
-440
-564
-677
-788
-920
-980
-1.06e+03
-1.13e+03
-1.18e+03
-1.23e+03
-1.26e+03
-1.28e+03
-1.29e+03
-1.28e+03
-1.26e+03
-1.23e+03
-1.18e+03
-1.13e+03
-1.06e+03
-980
-861
-736
-636
-533
-428
-324
-217
-109
0
108
219
324
432
536
636
736
863
980
1.06e+03
1.13e+03
1.18e+03
1.23e+03
1.26e+03
1.28e+03
1.29e+03
1.28e+03
1.26e+03
1.23e+03
1.18e+03
1.13e+03
1.06e+03
979
919
788
679
563
440
315
183
51
-81
-213
-340
-460
-573
-681
-776
-861
-964
-1.05e+03
-1.09e+03
-1.11e+03
-1.12e+03
-1.11e+03
-1.09e+03
-1.05e+03
-1.02e+03
-972
-924
-877
-836
-804
-776
-760
-785
-760
-777
-801
-837
-877
-924
-969
-1.01e+03
-1.06e+03
-1.09e+03
-1.11e+03
-1.12e+03
-1.11e+03
-1.09e+03
-1.05e+03
-964
-861
-776
-680
-576
-461
-340
-209
-80
52
184
312
440
563
680
791
920
980
1.06e+03
1.13e+03
1.18e+03
1.23e+03
1.26e+03
1.28e+03
1.29e+03
1.28e+03
1.26e+03
1.23e+03
1.18e+03
1.13e+03
1.06e+03
980
860
736
636
535
428
324
219
108
0
-109
-220
-325
-429
-536
-637
-737
-804
-929
-1.02e+03
-1.1e+03
-1.17e+03
-1.24e+03
-1.3e+03
-1.34e+03
-1.37e+03
-1.38e+03
-1.38e+03
-1.37e+03
-1.33e+03
-1.27e+03
-1.2e+03
-1.11e+03
-964
-808
-668
-520
-364
-204
-40
120
275
420
555
675
776
860
919
956
996
1.01e+03
963
888
788
664
523
364
192
15
-161
-340
-505
-664
-808
-932
-1.01e+03
-1.12e+03
-1.19e+03
-1.23e+03
-1.25e+03
-1.25e+03
-1.24e+03
-1.22e+03
-1.18e+03
-1.13e+03
-1.08e+03
-1.03e+03
-972
-920
-876
-832
-772
-777
-764
-760
-760
-768
-784
-801
-821
-845
-872
-893
-913
-932
-945
-956
-929
-901
-904
-904
-904
-901
-901
-901
-901
-900
-901
-900
-904
-901
-901
-900
-929
-953
-945
-929
-913
-892
-868
-845
-821
-800
-780
-768
-760
-760
-765
-777
-772
-833
-873
-921
-972
-1.02e+03
-1.08e+03
-1.13e+03
-1.18e+03
-1.21e+03
-1.24e+03
-1.25e+03
-1.25e+03
-1.23e+03
-1.18e+03
-1.12e+03
-1e+03
-929
-805
-664
-508
-337
-164
16
192
363
520
663
787
888
960
1.01e+03
1.06e+03
1.01e+03
963
888
788
663
523
363
195
16
-161
-336
-508
-664
-805
-928
-1e+03
-1.12e+03
-1.18e+03
-1.23e+03
-1.25e+03
-1.25e+03
-1.24e+03
-1.21e+03
-1.18e+03
-1.13e+03
-1.08e+03
-1.02e+03
-972
-920
-873
-833
-772
-777
-765
-757
-761
-768
-784
-801
-824
-848
-869
-893
-913
-932
-945
-953
-989
-956
-948
-932
-916
-893
-872
-845
-821
-800
-780
-765
-757
-753
-764
-777
-829
-884
-916
-948
-981
-1.01e+03
-1.04e+03
-1.07e+03
-1.1e+03
-1.11e+03
-1.12e+03
-1.12e+03
-1.11e+03
-1.08e+03
-1.05e+03
-993
-961
-913
-820
-709
-585
-452
-305
-156
0
155
307
451
587
708
820
915
1.02e+03
1.05e+03
1.09e+03
1.11e+03
1.12e+03
1.11e+03
1.09e+03
1.05e+03
1.01e+03
968
924
879
835
800
776
760
787
760
775
800
835
876
920
967
1.01e+03
1.05e+03
1.08e+03
1.1e+03
1.12e+03
1.11e+03
1.08e+03
1.05e+03
1.02e+03
912
819
708
584
448
304
155
0
-153
-305
-449
-585
-709
-821
-916
-964
-996
-1.05e+03
-1.08e+03
-1.11e+03
-1.12e+03
-1.12e+03
-1.11e+03
-1.1e+03
-1.07e+03
-1.05e+03
-1.02e+03
-984
-949
-917
-888
-832
-780
-765
-757
-760
-765
-781
-800
-821
-845
-869
-892
-913
-932
-945
-953
-929
-900
-901
-901
-901
-901
-901
-901
-901
-900
-900
-901
-904
-901
-904
-901
-929
-953
-945
-932
-913
-892
-869
-844
-821
-800
-780
-768
-757
-756
-761
-776
-828
-885
-916
-949
-981
-1.01e+03
-1.04e+03
-1.07e+03
-1.09e+03
-1.11e+03
-1.12e+03
-1.12e+03
-1.11e+03
-1.08e+03
-1.04e+03
-993
-904
-861
-776
-680
-573
-460
-337
-212
-80
52
183
315
440
563
679
791
860
927
1.02e+03
1.1e+03
1.17e+03
1.24e+03
1.3e+03
1.34e+03
1.37e+03
1.38e+03
1.38e+03
1.36e+03
1.33e+03
1.27e+03
1.2e+03
1.1e+03
963
808
667
519
364
203
40
-120
-273
-420
-553
-676
-780
-860
-920
-956
-937
-956
-920
-861
-780
-676
-553
-421
-276
-120
40
200
363
516
667
803
960
1.1e+03
1.2e+03
1.27e+03
1.33e+03
1.36e+03
1.38e+03
1.38e+03
1.37e+03
1.34e+03
1.3e+03
1.24e+03
1.17e+03
1.1e+03
1.02e+03
928
803
736
639
535
431
324
216
108
-1
-105
-217
-321
-428
-533
-636
-736
-801
-928
-1.02e+03
-1.1e+03
-1.17e+03
-1.24e+03
-1.29e+03
-1.34e+03
-1.37e+03
-1.38e+03
-1.38e+03
-1.36e+03
-1.33e+03
-1.27e+03
-1.2e+03
-1.1e+03
-1.02e+03
-860
-709
-549
-373
-196
-9
172
351
520
672
808
919
1e+03
1.06e+03
1.08e+03
1.09e+03
1.08e+03
991
871
719
544
347
136
-80
-296
-500
-688
-849
-988
-1.09e+03
-1.15e+03
-1.19e+03
-1.2e+03
-1.13e+03
-1.02e+03
-864
-680
-468
-237
-1
239
468
679
864
1.02e+03
1.13e+03
1.2e+03
1.2e+03
1.15e+03
1.09e+03
988
852
688
500
295
83
-136
-345
-541
-717
-872
-992
-1.08e+03
-1.15e+03
-1.13e+03
-1.1e+03
-1.03e+03
-932
-800
-641
-465
-272
-73
128
328
516
695
851
984
1.12e+03
1.18e+03
1.23e+03
1.26e+03
1.26e+03
1.24e+03
1.21e+03
1.16e+03
1.1e+03
1.03e+03
956
888
827
775
735
708
728
763
779
803
839
880
923
971
1.02e+03
1.06e+03
1.09e+03
1.11e+03
1.12e+03
1.11e+03
1.09e+03
1.05e+03
963
860
776
683
572
460
339
211
80
-52
-184
-316
-441
-564
-684
-792
-921
-981
-1.06e+03
-1.13e+03
-1.18e+03
-1.23e+03
-1.26e+03
-1.28e+03
-1.29e+03
-1.28e+03
-1.26e+03
-1.23e+03
-1.19e+03
-1.13e+03
-1.06e+03
-981
-921
-792
-681
-564
-441
-313
-185
-53
80
211
339
460
575
680
776
860
963
1.05e+03
1.09e+03
1.11e+03
1.12e+03
1.11e+03
1.08e+03
1.06e+03
1.02e+03
968
923
879
836
800
775
759
727
707
735
772
824
887
956
1.03e+03
1.1e+03
1.16e+03
1.21e+03
1.24e+03
1.26e+03
1.26e+03
1.23e+03
1.17e+03
1.06e+03
928
807
664
507
339
163
-17
-193
-364
-521
-665
-789
-889
-964
-1.01e+03
-997
-956
-921
-861
-777
-676
-556
-420
-273
-117
40
203
363
516
668
807
904
1.05e+03
1.16e+03
1.24e+03
1.32e+03
1.37e+03
1.42e+03
1.44e+03
1.45e+03
1.44e+03
1.41e+03
1.38e+03
1.32e+03
1.24e+03
1.15e+03
1.05e+03
900
804
664
516
363
203
43
-117
-272
-417
-556
-673
-776
-857
-917
-953
-993
-1.01e+03
-960
-888
-788
-664
-524
-361
-193
-17
163
339
507
660
804
927
1e+03
1.12e+03
1.18e+03
1.22e+03
1.24e+03
1.25e+03
1.24e+03
1.21e+03
1.17e+03
1.13e+03
1.08e+03
1.02e+03
967
919
872
831
828
831
807
784
768
756
748
743
739
743
748
756
768
784
807
831
827
831
871
919
968
1.02e+03
1.08e+03
1.13e+03
1.17e+03
1.21e+03
1.24e+03
1.25e+03
1.25e+03
1.22e+03
1.18e+03
1.12e+03
1e+03
927
804
663
507
336
163
-16
-193
-364
-524
-664
-788
-888
-961
-1.01e+03
-996
-953
-917
-857
-776
-676
-553
-417
-272
-117
40
203
363
519
667
807
903
1.05e+03
1.16e+03
1.24e+03
1.32e+03
1.38e+03
1.42e+03
1.44e+03
1.45e+03
1.44e+03
1.41e+03
1.37e+03
1.32e+03
1.24e+03
1.15e+03
1.05e+03
900
803
664
516
363
200
40
-120
-273
-421
-556
-676
-780
-860
-920
-957
-996
-1.01e+03
-964
-888
-788
-665
-524
-364
-193
-17
160
336
504
663
804
928
1e+03
1.12e+03
1.18e+03
1.22e+03
1.25e+03
1.25e+03
1.24e+03
1.21e+03
1.17e+03
1.13e+03
1.08e+03
1.02e+03
968
916
872
831
771
776
760
755
756
767
779
799
820
843
868
891
915
931
947
952
987
952
943
931
912
892
867
843
820
799
780
764
756
756
763
775
771
831
872
919
971
1.02e+03
1.08e+03
1.13e+03
1.18e+03
1.21e+03
1.24e+03
1.26e+03
1.25e+03
1.23e+03
1.18e+03
1.12e+03
1e+03
931
807
664
507
339
163
-17
-193
-365
-524
-668
-789
-889
-961
-1.01e+03
-1.05e+03
-1.01e+03
-965
-888
-789
-665
-524
-364
-193
-17
160
336
504
663
804
928
1.06e+03
1.17e+03
1.22e+03
1.26e+03
1.26e+03
1.24e+03
1.2e+03
1.16e+03
1.1e+03
1.02e+03
955
887
827
772
735
708
727
760
776
803
835
879
923
968
1.01e+03
1.05e+03
1.09e+03
1.11e+03
1.11e+03
1.11e+03
1.09e+03
1.05e+03
1.02e+03
912
816
708
584
448
304
155
-1
-153
-304
-449
-584
-709
-817
-912
-1.02e+03
-1.05e+03
-1.09e+03
-1.11e+03
-1.12e+03
-1.11e+03
-1.09e+03
-1.06e+03
-1.01e+03
-969
-925
-877
-837
-804
-777
-764
-788
-761
-777
-804
-837
-880
-925
-972
-1.01e+03
-1.05e+03
-1.09e+03
-1.11e+03
-1.12e+03
-1.11e+03
-1.09e+03
-1.05e+03
-1.02e+03
-913
-817
-708
-585
-449
-304
-153
0
155
307
451
584
711
820
912
1.02e+03
1.05e+03
1.09e+03
1.11e+03
1.12e+03
1.11e+03
1.09e+03
1.06e+03
1.02e+03
971
924
879
836
800
779
760
787
760
775
800
835
876
920
968
1.02e+03
1.06e+03
1.08e+03
1.11e+03
1.12e+03
1.11e+03
1.09e+03
1.05e+03
1.02e+03
912
816
708
584
448
304
152
0
-156
-305
-452
-588
-712
-820
-917
-964
-997
-1.05e+03
-1.08e+03
-1.11e+03
-1.12e+03
-1.12e+03
-1.11e+03
-1.1e+03
-1.07e+03
-1.04e+03
-1.01e+03
-981
-949
-913
-885
-888
-829
-805
-785
-769
-757
-748
-741
-741
-741
-748
-757
-769
-785
-805
-829
-888
-885
-913
-949
-981
-1.01e+03
-1.04e+03
-1.07e+03
-1.1e+03
-1.11e+03
-1.12e+03
-1.12e+03
-1.11e+03
-1.08e+03
-1.05e+03
-997
-904
-864
-776
-681
-573
-460
-340
-212
-81
51
183
312
440
563
679
788
920
980
1.06e+03
1.12e+03
1.18e+03
1.23e+03
1.26e+03
1.28e+03
1.29e+03
1.28e+03
1.26e+03
1.23e+03
1.18e+03
1.12e+03
1.06e+03
979
859
735
636
535
431
324
216
108
0
-109
-217
-324
-429
-533
-637
-736
-860
-977
-1.06e+03
-1.13e+03
-1.18e+03
-1.23e+03
-1.26e+03
-1.28e+03
-1.29e+03
-1.28e+03
-1.26e+03
-1.23e+03
-1.19e+03
-1.13e+03
-1.06e+03
-981
-861
-740
-637
-536
-432
-325
-217
-109
-1
107
216
323
428
532
635
735
800
927
1.01e+03
1.1e+03
1.17e+03
1.24e+03
1.29e+03
1.34e+03
1.36e+03
1.38e+03
1.38e+03
1.36e+03
1.33e+03
1.27e+03
1.2e+03
1.1e+03
960
804
664
516
360
203
40
-120
-273
-420
-556
-676
-777
-861
-920
-956
-997
-1.01e+03
-964
-888
-789
-665
-521
-364
-193
-17
163
339
507
664
804
931
1e+03
1.12e+03
1.18e+03
1.23e+03
1.25e+03
1.26e+03
1.24e+03
1.21e+03
1.18e+03
1.13e+03
1.08e+03
1.02e+03
968
920
875
835
831
831
807
787
771
756
748
743
740
743
748
756
771
787
807
831
831
832
875
920
971
1.03e+03
1.08e+03
1.13e+03
1.18e+03
1.22e+03
1.24e+03
1.25e+03
1.25e+03
1.23e+03
1.18e+03
1.12e+03
1e+03
931
807
664
504
339
163
-16
-193
-365
-521
-665
-789
-889
-964
-1.01e+03
-1.05e+03
-1.01e+03
-964
-889
-789
-665
-521
-365
-193
-16
163
339
504
664
807
931
1e+03
1.12e+03
1.18e+03
1.23e+03
1.25e+03
1.25e+03
1.24e+03
1.22e+03
1.18e+03
1.13e+03
1.08e+03
1.03e+03
971
920
875
832
831
831
807
784
768
756
748
743
740
744
748
759
768
787
807
831
888
887
919
951
983
1.02e+03
1.04e+03
1.08e+03
1.1e+03
1.11e+03
1.12e+03
1.12e+03
1.11e+03
1.08e+03
1.04e+03
995
904
860
779
679
576
460
339
212
80
-52
-184
-316
-441
-564
-677
-788
-861
-928
-1.01e+03
-1.1e+03
-1.17e+03
-1.24e+03
-1.29e+03
-1.34e+03
-1.37e+03
-1.38e+03
-1.38e+03
-1.36e+03
-1.33e+03
-1.27e+03
-1.2e+03
-1.11e+03
-1.02e+03
-857
-709
-548
-372
-193
-8
175
355
523
675
812
920
1.01e+03
1.06e+03
1.08e+03
1.04e+03
1.02e+03
948
844
708
552
379
192
0
-193
-380
-553
-709
-844
-949
-1.02e+03
-1.1e+03
-1.13e+03
-1.1e+03
-1.04e+03
-933
-801
-644
-468
-276
-76
131
327
516
691
848
983
1.12e+03
1.17e+03
1.22e+03
1.26e+03
1.26e+03
1.24e+03
1.21e+03
1.16e+03
1.09e+03
1.02e+03
956
887
824
772
732
708
727
759
775
803
836
879
923
968
1.02e+03
1.06e+03
1.08e+03
1.11e+03
1.12e+03
1.11e+03
1.09e+03
1.05e+03
964
860
776
680
575
460
339
211
80
-53
-185
-313
-441
-565
-681
-792
-861
-929
-1.02e+03
-1.1e+03
-1.17e+03
-1.24e+03
-1.3e+03
-1.34e+03
-1.37e+03
-1.38e+03
-1.39e+03
-1.37e+03
-1.33e+03
-1.27e+03
-1.2e+03
-1.11e+03
-1.02e+03
-860
-709
-548
-376
-193
-9
175
352
519
675
808
919
1e+03
1.06e+03
1.08e+03
1.1e+03
1.08e+03
991
871
719
543
344
135
-81
-296
-501
-689
-856
-989
-1.09e+03
-1.15e+03
-1.2e+03
-1.2e+03
-1.13e+03
-1.02e+03
-865
-680
-468
-240
0
239
467
680
863
1.02e+03
1.13e+03
1.2e+03
1.26e+03
1.2e+03
1.13e+03
1.02e+03
863
680
467
239
0
-240
-468
-680
-865
-1.02e+03
-1.13e+03
-1.2e+03
-1.2e+03
-1.15e+03
-1.09e+03
-989
-856
-689
-501
-296
-81
135
344
543
719
871
991
1.08e+03
1.1e+03
1.08e+03
1.06e+03
1e+03
920
811
675
519
351
175
-9
-196
-373
-548
-709
-860
-964
-1.05e+03
-1.16e+03
-1.25e+03
-1.32e+03
-1.38e+03
-1.42e+03
-1.44e+03
-1.45e+03
-1.44e+03
-1.42e+03
-1.38e+03
-1.32e+03
-1.25e+03
-1.16e+03
-1.05e+03
-961
-860
-709
-548
-373
-193
-9
172
351
520
675
811
919
1e+03
1.06e+03
1.08e+03
1.04e+03
1.02e+03
944
840
708
552
379
192
0
-193
-380
-556
-709
-844
-948
-1.02e+03
-1.04e+03
-1.08e+03
-1.06e+03
-1.01e+03
-920
-812
-676
-521
-353
-176
8
191
372
544
708
856
1.02e+03
1.1e+03
1.2e+03
1.27e+03
1.33e+03
1.36e+03
1.38e+03
1.38e+03
1.37e+03
1.34e+03
1.29e+03
1.24e+03
1.17e+03
1.1e+03
1.02e+03
927
803
736
636
536
431
324
216
108
0
-109
-216
-325
-432
-533
-637
-737
-861
-980
-1.06e+03
-1.13e+03
-1.19e+03
-1.23e+03
-1.26e+03
-1.28e+03
-1.29e+03
-1.28e+03
-1.26e+03
-1.23e+03
-1.18e+03
-1.13e+03
-1.06e+03
-981
-921
-792
-681
-564
-441
-316
-184
-53
79
211
336
456
572
679
775
860
903
992
1.04e+03
1.08e+03
1.1e+03
1.12e+03
1.12e+03
1.11e+03
1.1e+03
1.07e+03
1.04e+03
1.02e+03
983
948
919
884
888
831
807
787
768
759
748
743
740
740
748
755
768
784
807
828
828
831
871
916
968
1.02e+03
1.08e+03
1.13e+03
1.17e+03
1.21e+03
1.24e+03
1.25e+03
1.25e+03
1.22e+03
1.18e+03
1.12e+03
1e+03
928
804
663
504
336
163
-16
-193
-361
-521
-665
-785
-888
-960
-1.01e+03
-1.05e+03
-1.01e+03
-961
-888
-788
-665
-521
-361
-193
-17
160
336
507
663
804
928
1e+03
1.12e+03
1.18e+03
1.23e+03
1.25e+03
1.25e+03
1.24e+03
1.21e+03
1.18e+03
1.13e+03
1.08e+03
1.02e+03
971
920
875
832
768
776
764
756
759
767
780
799
820
843
868
891
912
932
943
955
987
955
944
931
911
891
867
843
820
799
779
764
756
756
760
776
768
831
872
919
968
1.02e+03
1.08e+03
1.13e+03
1.18e+03
1.21e+03
1.24e+03
1.25e+03
1.25e+03
1.23e+03
1.18e+03
1.12e+03
1.06e+03
983
847
692
516
327
128
-73
-276
-465
-644
-801
-933
-1.03e+03
-1.1e+03
-1.13e+03
-1.1e+03
-1.02e+03
-949
-844
-709
-553
-380
-192
-1
191
379
552
708
843
951
1.02e+03
1.04e+03
1.08e+03
1.06e+03
1e+03
920
811
675
523
355
175
-9
-193
-373
-548
-712
-860
-964
-1.05e+03
-1.16e+03
-1.25e+03
-1.32e+03
-1.38e+03
-1.42e+03
-1.44e+03
-1.45e+03
-1.44e+03
-1.41e+03
-1.37e+03
-1.32e+03
-1.24e+03
-1.15e+03
-1.05e+03
-961
-857
-709
-544
-372
-192
-9
176
352
523
675
811
919
1e+03
1.06e+03
1.08e+03
1.1e+03
1.08e+03
992
872
720
544
347
136
-80
-296
-500
-688
-853
-988
-1.09e+03
-1.15e+03
-1.14e+03
-1.15e+03
-1.09e+03
-988
-852
-688
-497
-293
-80
136
348
543
720
872
992
1.08e+03
1.16e+03
1.13e+03
1.1e+03
1.03e+03
931
800
643
467
275
72
-129
-332
-520
-693
-849
-984
-1.12e+03
-1.17e+03
-1.23e+03
-1.26e+03
-1.26e+03
-1.24e+03
-1.21e+03
-1.16e+03
-1.1e+03
-1.03e+03
-957
-889
-825
-773
-736
-712
-729
-764
-780
-804
-837
-880
-924
-969
-1.02e+03
-1.05e+03
-1.09e+03
-1.11e+03
-1.12e+03
-1.11e+03
-1.09e+03
-1.05e+03
-1.02e+03
-916
-820
-709
-588
-452
-305
-153
0
155
304
451
587
711
820
916
963
996
1.04e+03
1.08e+03
1.11e+03
1.12e+03
1.12e+03
1.11e+03
1.1e+03
1.07e+03
1.04e+03
1.01e+03
983
948
916
887
828
779
763
759
759
767
783
800
823
844
871
892
915
932
944
955
931
903
903
904
903
903
900
900
900
900
900
900
903
900
900
900
868
900
900
900
900
900
900
900
903
903
900
903
903
903
904
900
931
956
947
932
912
891
868
847
820
799
779
764
756
756
760
775
768
831
872
919
968
1.02e+03
1.08e+03
1.13e+03
1.18e+03
1.21e+03
1.24e+03
1.25e+03
1.25e+03
1.23e+03
1.18e+03
1.12e+03
1e+03
928
807
663
504
339
163
-17
-193
-364
-521
-665
-789
-888
-964
-1.01e+03
-997
-956
-920
-861
-777
-677
-556
-424
-273
-120
39
200
360
516
667
804
960
1.1e+03
1.2e+03
1.27e+03
1.33e+03
1.36e+03
1.38e+03
1.38e+03
1.36e+03
1.34e+03
1.29e+03
1.24e+03
1.17e+03
1.1e+03
1.02e+03
924
803
736
635
535
428
324
216
108
-1
-109
-216
-324
-429
-533
-636
-737
-801
-925
-1.01e+03
-1.1e+03
-1.17e+03
-1.24e+03
-1.29e+03
-1.34e+03
-1.37e+03
-1.38e+03
-1.38e+03
-1.37e+03
-1.33e+03
-1.28e+03
-1.2e+03
-1.11e+03
-1.02e+03
-857
-709
-548
-376
-193
-9
175
352
523
675
808
920
1e+03
1.06e+03
1.08e+03
1.1e+03
1.08e+03
992
872
720
544
347
136
-77
-293
-500
-688
-852
-985
-1.09e+03
-1.15e+03
-1.14e+03
-1.15e+03
-1.09e+03
-985
-852
-689
-500
-296
-80
135
344
543
720
871
991
1.08e+03
1.16e+03
1.13e+03
1.1e+03
1.03e+03
932
799
643
464
275
71
-129
-329
-517
-692
-848
-981
-1.12e+03
-1.17e+03
-1.23e+03
-1.26e+03
-1.26e+03
-1.24e+03
-1.21e+03
-1.16e+03
-1.1e+03
-1.03e+03
-956
-889
-828
-773
-736
-709
-672
-712
-736
-777
-828
-889
-960
-1.03e+03
-1.1e+03
-1.16e+03
-1.21e+03
-1.24e+03
-1.26e+03
-1.26e+03
-1.23e+03
-1.18e+03
-1.12e+03
-984
-848
-693
-520
-328
-129
71
272
463
643
799
931
1.03e+03
1.1e+03
1.13e+03
1.16e+03
1.08e+03
988
871
719
543
348
136
-81
-296
-500
-689
-853
-988
-1.08e+03
-1.15e+03
-1.2e+03
-1.2e+03
-1.13e+03
-1.02e+03
-864
-680
-468
-237
-1
239
468
679
864
1.02e+03
1.13e+03
1.2e+03
1.2e+03
1.15e+03
1.09e+03
988
852
688
500
295
83
-136
-345
-541
-717
-872
-992
-1.08e+03
-1.1e+03
-1.08e+03
-1.06e+03
-1e+03
-920
-809
-673
-521
-352
-176
8
192
372
547
711
859
963
1.05e+03
1.16e+03
1.24e+03
1.32e+03
1.38e+03
1.42e+03
1.44e+03
1.45e+03
1.44e+03
1.42e+03
1.38e+03
1.32e+03
1.24e+03
1.16e+03
1.05e+03
904
804
667
516
364
204
40
-120
-276
-420
-556
-676
-777
-861
-920
-956
-940
-957
-920
-860
-777
-673
-556
-420
-273
-117
43
203
363
519
667
804
963
1.1e+03
1.2e+03
1.28e+03
1.33e+03
1.36e+03
1.38e+03
1.38e+03
1.37e+03
1.34e+03
1.29e+03
1.24e+03
1.17e+03
1.1e+03
1.02e+03
924
860
788
679
560
440
312
183
52
-80
-209
-337
-460
-573
-681
-776
-860
-901
-996
-1.04e+03
-1.08e+03
-1.1e+03
-1.12e+03
-1.12e+03
-1.11e+03
-1.09e+03
-1.07e+03
-1.04e+03
-1.02e+03
-981
-948
-917
-888
-832
-777
-765
-757
-757
-768
-781
-800
-824
-848
-869
-893
-916
-933
-945
-956
-989
-956
-948
-933
-916
-893
-869
-845
-821
-800
-780
-768
-760
-757
-764
-777
-829
-885
-916
-948
-981
-1.01e+03
-1.04e+03
-1.07e+03
-1.09e+03
-1.11e+03
-1.12e+03
-1.12e+03
-1.11e+03
-1.08e+03
-1.04e+03
-996
-901
-860
-776
-680
-573
-460
-337
-209
-80
52
184
315
443
564
680
791
923
980
1.06e+03
1.13e+03
1.18e+03
1.23e+03
1.26e+03
1.28e+03
1.29e+03
1.28e+03
1.26e+03
1.23e+03
1.18e+03
1.13e+03
1.06e+03
983
863
736
639
536
431
324
216
108
0
-109
-217
-324
-432
-537
-640
-737
-804
-928
-1.02e+03
-1.1e+03
-1.17e+03
-1.24e+03
-1.3e+03
-1.34e+03
-1.37e+03
-1.38e+03
-1.38e+03
-1.37e+03
-1.33e+03
-1.27e+03
-1.2e+03
-1.1e+03
-964
-805
-669
-520
-361
-204
-44
119
272
419
555
675
776
856
919
951
936
955
919
859
776
675
555
419
275
119
-41
-201
-361
-517
-665
-805
-901
-1.05e+03
-1.15e+03
-1.24e+03
-1.31e+03
-1.37e+03
-1.42e+03
-1.44e+03
-1.45e+03
-1.44e+03
-1.41e+03
-1.37e+03
-1.32e+03
-1.24e+03
-1.16e+03
-1.05e+03
-964
-861
-712
-545
-373
-193
-8
175
352
520
675
808
920
1e+03
1.06e+03
1.08e+03
1.1e+03
1.08e+03
991
872
720
544
347
136
-80
-296
-500
-689
-853
-988
-1.09e+03
-1.15e+03
-1.14e+03
-1.15e+03
-1.09e+03
-988
-853
-689
-500
-296
-80
136
347
544
720
872
991
1.08e+03
1.1e+03
1.08e+03
1.06e+03
1e+03
920
808
676
523
355
175
-8
-192
-373
-548
-712
-860
-965
-1.05e+03
-1.16e+03
-1.25e+03
-1.32e+03
-1.37e+03
-1.42e+03
-1.44e+03
-1.45e+03
-1.44e+03
-1.41e+03
-1.37e+03
-1.31e+03
-1.24e+03
-1.15e+03
-1.05e+03
-960
-857
-709
-544
-372
-192
-9
176
352
523
675
811
919
1e+03
1.06e+03
1.08e+03
1.1e+03
1.08e+03
992
872
720
544
347
136
-80
-296
-500
-688
-853
-988
-1.09e+03
-1.15e+03
-1.2e+03
-1.2e+03
-1.13e+03
-1.01e+03
-864
-677
-468
-237
-1
239
468
680
867
1.02e+03
1.13e+03
1.2e+03
1.2e+03
1.15e+03
1.09e+03
988
852
688
499
295
80
-137
-348
-544
-721
-872
-992
-1.08e+03
-1.16e+03
-1.13e+03
-1.1e+03
-1.03e+03
-933
-801
-644
-465
-276
-76
128
327
516
691
847
980
1.06e+03
1.12e+03
1.18e+03
1.23e+03
1.25e+03
1.25e+03
1.24e+03
1.21e+03
1.18e+03
1.13e+03
1.08e+03
1.02e+03
971
919
872
832
828
831
808
787
771
759
748
743
740
743
748
759
771
787
808
831
828
835
872
920
968
1.02e+03
1.08e+03
1.13e+03
1.18e+03
1.21e+03
1.24e+03
1.25e+03
1.25e+03
1.23e+03
1.18e+03
1.12e+03
1.06e+03
980
848
691
516
327
127
-73
-273
-468
-644
-801
-933
-1.03e+03
-1.1e+03
-1.13e+03
-1.1e+03
-1.02e+03
-948
-844
-709
-556
-380
-193
0
192
379
552
708
840
944
1.02e+03
1.1e+03
1.13e+03
1.1e+03
1.03e+03
931
799
640
463
272
71
-129
-329
-517
-693
-849
-984
-1.06e+03
-1.12e+03
-1.18e+03
-1.23e+03
-1.25e+03
-1.25e+03
-1.24e+03
-1.21e+03
-1.18e+03
-1.13e+03
-1.08e+03
-1.03e+03
-969
-920
-873
-833
-772
-780
-765
-757
-760
-765
-781
-800
-821
-845
-869
-892
-913
-932
-945
-953
-988
-953
-944
-929
-913
-889
-869
-845
-820
-797
-781
-764
-757
-756
-761
-776
-769
-832
-872
-920
-969
-1.02e+03
-1.08e+03
-1.13e+03
-1.17e+03
-1.21e+03
-1.24e+03
-1.25e+03
-1.25e+03
-1.23e+03
-1.18e+03
-1.12e+03
-1.06e+03
-984
-845
-693
-517
-328
-128
72
275
464
644
800
932
1.04e+03
1.1e+03
1.13e+03
1.1e+03
1.02e+03
947
843
711
552
379
192
-1
-193
-380
-556
-709
-844
-949
-1.03e+03
-1.1e+03
-1.13e+03
-1.1e+03
-1.03e+03
-933
-801
-645
-465
-276
-73
128
327
519
691
848
983
1.06e+03
1.12e+03
1.18e+03
1.23e+03
1.25e+03
1.26e+03
1.24e+03
1.21e+03
1.17e+03
1.13e+03
1.08e+03
1.02e+03
971
920
872
832
831
831
807
787
768
756
748
743
743
740
747
755
767
784
804
828
887
884
915
947
980
1.02e+03
1.04e+03
1.07e+03
1.1e+03
1.11e+03
1.12e+03
1.12e+03
1.1e+03
1.08e+03
1.04e+03
995
903
860
776
680
575
460
339
211
83
-53
-185
-316
-444
-564
-681
-792
-921
-980
-1.06e+03
-1.13e+03
-1.19e+03
-1.23e+03
-1.26e+03
-1.28e+03
-1.29e+03
-1.28e+03
-1.26e+03
-1.23e+03
-1.18e+03
-1.13e+03
-1.06e+03
-980
-920
-788
-680
-564
-444
-313
-181
-53
79
211
336
459
572
680
775
859
903
992
1.04e+03
1.08e+03
1.1e+03
1.12e+03
1.12e+03
1.11e+03
1.09e+03
1.07e+03
1.04e+03
1.01e+03
979
947
915
884
828
776
763
755
756
764
779
799
820
844
868
892
912
931
944
952
928
900
903
900
903
900
900
899
900
900
900
903
900
900
903
900
868
903
900
900
903
903
900
900
900
900
900
903
903
903
903
900
931
955
944
932
915
892
871
847
820
799
780
767
760
756
763
779
828
887
916
948
983
1.01e+03
1.04e+03
1.07e+03
1.1e+03
1.11e+03
1.12e+03
1.12e+03
1.11e+03
1.08e+03
1.04e+03
996
963
912
819
708
584
448
304
152
-1
-156
-305
-452
-585
-709
-821
-916
-964
-996
-1.05e+03
-1.08e+03
-1.11e+03
-1.12e+03
-1.12e+03
-1.11e+03
-1.1e+03
-1.07e+03
-1.05e+03
-1.02e+03
-984
-948
-916
-888
-829
-777
-764
-757
-760
-768
-781
-800
-821
-845
-868
-892
-913
-929
-944
-956
-929
-901
-901
-904
-901
-901
-901
-901
-901
-900
-904
-901
-901
-900
-901
-901
-869
-901
-901
-900
-901
-901
-904
-900
-901
-901
-901
-901
-901
-904
-901
-901
-869
-901
-901
-901
-904
-904
-901
-901
-901
-901
-900
-904
-904
-901
-904
-901
-932
-956
-948
-933
-916
-896
-869
-848
-821
-801
-781
-769
-760
-757
-765
-780
-829
-888
-917
-949
-984
-1.01e+03
-1.05e+03
-1.07e+03
-1.1e+03
-1.11e+03
-1.12e+03
-1.12e+03
-1.11e+03
-1.08e+03
-1.05e+03
-996
-964
-916
-820
-709
-585
-452
-305
-156
0
152
303
448
584
708
819
912
1.02e+03
1.05e+03
1.09e+03
1.11e+03
1.12e+03
1.1e+03
1.09e+03
1.05e+03
1.01e+03
968
920
879
836
803
776
760
787
760
776
803
836
879
920
968
1.01e+03
1.05e+03
1.09e+03
1.1e+03
1.12e+03
1.11e+03
1.09e+03
1.05e+03
960
860
775
679
572
459
336
211
79
-53
-184
-316
-441
-564
-680
-789
-861
-928
-1.02e+03
-1.1e+03
-1.17e+03
-1.24e+03
-1.3e+03
-1.34e+03
-1.37e+03
-1.38e+03
-1.38e+03
-1.36e+03
-1.33e+03
-1.27e+03
-1.2e+03
-1.11e+03
-1.02e+03
-857
-712
-548
-373
-193
-8
175
355
523
676
811
920
1e+03
1.06e+03
1.08e+03
1.04e+03
1.02e+03
948
844
708
555
380
195
0
-192
-377
-552
-709
-841
-948
-1.02e+03
-1.1e+03
-1.13e+03
-1.1e+03
-1.03e+03
-932
-797
-641
-464
-273
-72
132
328
519
695
851
984
1.06e+03
1.12e+03
1.18e+03
1.23e+03
1.25e+03
1.25e+03
1.24e+03
1.21e+03
1.18e+03
1.13e+03
1.08e+03
1.02e+03
971
916
872
832
768
776
763
756
756
764
780
796
820
843
868
892
911
928
943
952
928
900
900
900
903
900
900
903
903
900
903
900
903
903
903
903
931
955
947
932
915
895
868
847
823
800
780
768
759
759
764
779
831
887
916
948
983
1.01e+03
1.04e+03
1.07e+03
1.1e+03
1.11e+03
1.12e+03
1.12e+03
1.1e+03
1.08e+03
1.05e+03
996
903
860
779
679
576
460
339
212
80
-52
-184
-316
-441
-564
-677
-788
-920
-980
-1.06e+03
-1.13e+03
-1.18e+03
-1.23e+03
-1.26e+03
-1.28e+03
-1.29e+03
-1.28e+03
-1.26e+03
-1.23e+03
-1.18e+03
-1.13e+03
-1.06e+03
-980
-861
-737
-637
-533
-429
-325
-217
-108
-1
108
216
323
431
535
639
736
863
980
1.06e+03
1.13e+03
1.18e+03
1.23e+03
1.26e+03
1.28e+03
1.29e+03
1.28e+03
1.26e+03
1.23e+03
1.18e+03
1.13e+03
1.06e+03
980
860
736
639
535
431
324
219
108
0
-109
-217
-325
-432
-536
-640
-737
-804
-928
-1.02e+03
-1.1e+03
-1.18e+03
-1.24e+03
-1.29e+03
-1.34e+03
-1.37e+03
-1.39e+03
-1.38e+03
-1.36e+03
-1.33e+03
-1.27e+03
-1.2e+03
-1.1e+03
-1.02e+03
-857
-708
-548
-373
-192
-8
175
355
523
675
808
919
1e+03
1.06e+03
1.08e+03
1.04e+03
1.02e+03
947
839
707
552
376
192
-4
-193
-380
-553
-709
-844
-949
-1.02e+03
-1.1e+03
-1.14e+03
-1.1e+03
-1.04e+03
-932
-801
-644
-465
-273
-73
131
328
519
692
851
983
1.12e+03
1.17e+03
1.23e+03
1.26e+03
1.26e+03
1.24e+03
1.21e+03
1.16e+03
1.09e+03
1.03e+03
955
887
824
772
732
707
668
707
735
772
824
887
956
1.03e+03
1.1e+03
1.16e+03
1.21e+03
1.24e+03
1.26e+03
1.26e+03
1.23e+03
1.17e+03
1.06e+03
931
804
663
507
339
163
-17
-193
-364
-524
-665
-789
-889
-964
-1.01e+03
-997
-956
-920
-861
-777
-676
-556
-420
-276
-120
40
204
364
516
667
804
963
1.1e+03
1.2e+03
1.28e+03
1.33e+03
1.36e+03
1.38e+03
1.38e+03
1.37e+03
1.34e+03
1.3e+03
1.24e+03
1.18e+03
1.1e+03
1.02e+03
927
863
791
680
563
440
315
183
52
-80
-209
-337
-457
-573
-680
-776
-861
-904
-993
-1.04e+03
-1.08e+03
-1.11e+03
-1.12e+03
-1.12e+03
-1.11e+03
-1.1e+03
-1.07e+03
-1.05e+03
-1.01e+03
-981
-949
-917
-888
-829
-780
-764
-760
-760
-769
-780
-800
-821
-844
-868
-892
-912
-932
-945
-953
-929
-901
-901
-900
-901
-900
-901
-901
-901
-901
-901
-901
-904
-904
-901
-901
-932
-956
-948
-933
-916
-893
-872
-848
-824
-800
-781
-768
-761
-760
-765
-777
-832
-888
-917
-948
-981
-1.02e+03
-1.04e+03
-1.07e+03
-1.09e+03
-1.11e+03
-1.12e+03
-1.12e+03
-1.1e+03
-1.08e+03
-1.04e+03
-996
-904
-860
-776
-680
-576
-460
-337
-209
-81
51
183
315
440
560
679
788
860
924
1.02e+03
1.1e+03
1.17e+03
1.24e+03
1.29e+03
1.34e+03
1.37e+03
1.38e+03
1.38e+03
1.36e+03
1.33e+03
1.27e+03
1.2e+03
1.1e+03
1.02e+03
860
708
548
375
195
11
-173
-353
-520
-673
-809
-920
-1e+03
-1.06e+03
-1.08e+03
-1.04e+03
-1.02e+03
-945
-841
-709
-553
-380
-193
0
192
379
552
708
840
947
1.02e+03
1.04e+03
1.08e+03
1.06e+03
1e+03
919
808
675
520
352
172
-9
-192
-373
-548
-709
-857
-1.02e+03
-1.1e+03
-1.2e+03
-1.27e+03
-1.33e+03
-1.36e+03
-1.38e+03
-1.38e+03
-1.37e+03
-1.34e+03
-1.29e+03
-1.24e+03
-1.17e+03
-1.1e+03
-1.02e+03
-925
-801
-736
-637
-536
-429
-324
-217
-109
0
107
216
324
428
532
635
736
860
979
1.06e+03
1.12e+03
1.18e+03
1.23e+03
1.26e+03
1.28e+03
1.29e+03
1.28e+03
1.26e+03
1.23e+03
1.18e+03
1.13e+03
1.06e+03
980
920
792
680
564
440
315
183
52
-81
-209
-337
-461
-576
-681
-777
-864
-905
-997
-1.05e+03
-1.08e+03
-1.11e+03
-1.12e+03
-1.12e+03
-1.11e+03
-1.1e+03
-1.07e+03
-1.05e+03
-1.01e+03
-984
-949
-916
-885
-829
-777
-764
-760
-761
-768
-784
-800
-824
-845
-872
-892
-916
-932
-945
-956
-992
-957
-948
-932
-916
-892
-869
-845
-821
-800
-781
-768
-760
-757
-764
-777
-772
-833
-872
-921
-972
-1.02e+03
-1.08e+03
-1.13e+03
-1.18e+03
-1.21e+03
-1.24e+03
-1.25e+03
-1.25e+03
-1.23e+03
-1.18e+03
-1.12e+03
-1.06e+03
-980
-849
-692
-517
-325
-128
75
275
467
643
803
932
1.03e+03
1.1e+03
1.13e+03
1.1e+03
1.02e+03
947
843
711
552
379
192
-1
-192
-380
-553
-708
-841
-948
-1.02e+03
-1.1e+03
-1.13e+03
-1.1e+03
-1.03e+03
-932
-797
-644
-464
-273
-72
131
328
519
692
848
983
1.12e+03
1.18e+03
1.23e+03
1.26e+03
1.26e+03
1.24e+03
1.21e+03
1.16e+03
1.1e+03
1.02e+03
956
887
824
772
732
707
667
707
732
772
824
887
956
1.02e+03
1.1e+03
1.16e+03
1.21e+03
1.24e+03
1.26e+03
1.26e+03
1.23e+03
1.18e+03
1.06e+03
932
807
664
507
339
163
-16
-193
-364
-521
-664
-788
-888
-960
-1.01e+03
-1.05e+03
-1.01e+03
-960
-888
-788
-664
-521
-364
-193
-16
163
339
507
663
804
931
1.06e+03
1.17e+03
1.22e+03
1.26e+03
1.26e+03
1.24e+03
1.21e+03
1.16e+03
1.1e+03
1.03e+03
956
887
824
772
735
707
727
760
775
800
836
876
923
968
1.02e+03
1.05e+03
1.08e+03
1.1e+03
1.12e+03
1.11e+03
1.08e+03
1.05e+03
1.02e+03
912
819
708
584
448
304
155
-1
-153
-305
-448
-584
-708
-820
-913
-1.02e+03
-1.05e+03
-1.09e+03
-1.11e+03
-1.12e+03
-1.11e+03
-1.09e+03
-1.06e+03
-1.01e+03
-969
-925
-877
-837
-804
-777
-764
-729
-709
-733
-773
-828
-889
-960
-1.03e+03
-1.1e+03
-1.16e+03
-1.21e+03
-1.24e+03
-1.26e+03
-1.26e+03
-1.23e+03
-1.17e+03
-1.06e+03
-928
-805
-661
-505
-336
-161
16
195
367
523
667
788
888
963
1.01e+03
996
955
919
859
776
675
555
419
272
119
-41
-204
-365
-517
-665
-805
-904
-1.05e+03
-1.16e+03
-1.24e+03
-1.32e+03
-1.37e+03
-1.41e+03
-1.44e+03
-1.45e+03
-1.44e+03
-1.42e+03
-1.37e+03
-1.31e+03
-1.24e+03
-1.15e+03
-1.05e+03
-901
-805
-665
-517
-361
-201
-41
119
275
419
555
675
776
859
919
955
936
955
916
859
776
675
552
419
272
116
-41
-204
-365
-520
-668
-808
-905
-1.05e+03
-1.16e+03
-1.24e+03
-1.32e+03
-1.38e+03
-1.42e+03
-1.44e+03
-1.45e+03
-1.44e+03
-1.42e+03
-1.38e+03
-1.32e+03
-1.24e+03
-1.16e+03
-1.05e+03
-964
-857
-709
-548
-373
-193
-12
175
351
519
675
808
919
1e+03
1.06e+03
1.08e+03
1.04e+03
1.02e+03
947
840
707
552
379
192
-1
-193
-380
-553
-709
-841
-948
-1.02e+03
-1.09e+03
-1.13e+03
-1.1e+03
-1.03e+03
-932
-800
-641
-465
-272
-73
128
328
516
692
847
980
1.12e+03
1.17e+03
1.22e+03
1.26e+03
1.26e+03
1.24e+03
1.21e+03
1.16e+03
1.1e+03
1.03e+03
956
888
824
772
736
708
671
708
736
772
824
888
956
1.03e+03
1.1e+03
1.16e+03
1.21e+03
1.24e+03
1.26e+03
1.26e+03
1.22e+03
1.17e+03
1.12e+03
980
847
691
515
327
128
-73
-273
-465
-641
-797
-932
-1.03e+03
-1.1e+03
-1.13e+03
-1.1e+03
-1.02e+03
-948
-841
-709
-553
-380
-193
-1
192
379
551
707
840
947
1.02e+03
1.04e+03
1.08e+03
1.06e+03
1e+03
920
807
672
520
352
176
-8
-193
-373
-548
-709
-857
-1.02e+03
-1.1e+03
-1.2e+03
-1.27e+03
-1.33e+03
-1.36e+03
-1.38e+03
-1.38e+03
-1.37e+03
-1.34e+03
-1.29e+03
-1.24e+03
-1.17e+03
-1.1e+03
-1.02e+03
-925
-801
-736
-637
-536
-429
-324
-217
-109
0
107
216
324
428
532
635
736
803
927
1.02e+03
1.1e+03
1.17e+03
1.24e+03
1.29e+03
1.34e+03
1.37e+03
1.38e+03
1.38e+03
1.37e+03
1.33e+03
1.28e+03
1.2e+03
1.1e+03
1.02e+03
860
711
547
375
192
8
-176
-353
-524
-676
-809
-921
-1.01e+03
-1.06e+03
-1.08e+03
-1.04e+03
-1.03e+03
-952
-841
-709
-553
-380
-192
0
191
379
552
708
843
948
1.02e+03
1.04e+03
1.08e+03
1.06e+03
1.01e+03
923
811
675
523
355
176
-9
-193
-372
-545
-708
-857
-961
-1.05e+03
-1.15e+03
-1.24e+03
-1.32e+03
-1.37e+03
-1.41e+03
-1.44e+03
-1.45e+03
-1.44e+03
-1.41e+03
-1.37e+03
-1.32e+03
-1.24e+03
-1.15e+03
-1.05e+03
-961
-857
-709
-545
-373
-193
-9
175
352
520
675
808
920
1e+03
1.06e+03
1.08e+03
1.1e+03
1.08e+03
988
868
719
543
347
135
-81
-296
-500
-688
-852
-988
-1.09e+03
-1.15e+03
-1.2e+03
-1.2e+03
-1.13e+03
-1.02e+03
-861
-677
-468
-237
-1
236
468
679
864
1.02e+03
1.13e+03
1.2e+03
1.2e+03
1.14e+03
1.08e+03
987
852
687
499
292
79
-137
-348
-544
-721
-873
-993
-1.08e+03
-1.16e+03
-1.13e+03
-1.1e+03
-1.03e+03
-933
-800
-641
-465
-273
-73
128
328
519
692
848
983
1.12e+03
1.18e+03
1.23e+03
1.26e+03
1.26e+03
1.24e+03
1.21e+03
1.16e+03
1.1e+03
1.03e+03
956
888
827
775
732
707
668
708
732
772
824
887
955
1.02e+03
1.09e+03
1.16e+03
1.2e+03
1.24e+03
1.26e+03
1.26e+03
1.22e+03
1.17e+03
1.12e+03
980
848
691
519
328
128
-73
-273
-465
-644
-801
-932
-1.03e+03
-1.1e+03
-1.13e+03
-1.1e+03
-1.02e+03
-948
-841
-709
-553
-377
-192
0
195
380
555
711
843
948
1.02e+03
1.1e+03
1.14e+03
1.1e+03
1.04e+03
932
800
643
464
272
72
-129
-329
-520
-692
-849
-984
-1.06e+03
-1.12e+03
-1.18e+03
-1.23e+03
-1.25e+03
-1.25e+03
-1.24e+03
-1.21e+03
-1.18e+03
-1.13e+03
-1.08e+03
-1.02e+03
-969
-920
-873
-832
-829
-829
-805
-785
-768
-756
-748
-741
-741
-744
-749
-757
-769
-788
-808
-832
-889
-888
-917
-949
-981
-1.02e+03
-1.05e+03
-1.07e+03
-1.1e+03
-1.11e+03
-1.12e+03
-1.12e+03
-1.11e+03
-1.08e+03
-1.05e+03
-997
-964
-916
-821
-709
-585
-452
-305
-156
-1
152
304
448
584
708
819
912
963
996
1.04e+03
1.08e+03
1.11e+03
1.12e+03
1.12e+03
1.11e+03
1.1e+03
1.07e+03
1.04e+03
1.01e+03
983
948
916
887
888
831
807
787
771
756
748
744
740
744
751
759
771
787
807
828
831
832
871
920
971
1.02e+03
1.08e+03
1.13e+03
1.18e+03
1.21e+03
1.24e+03
1.25e+03
1.25e+03
1.23e+03
1.18e+03
1.12e+03
1.06e+03
980
848
691
516
327
127
-73
-273
-468
-644
-801
-933
-1.03e+03
-1.1e+03
-1.13e+03
-1.16e+03
-1.08e+03
-993
-872
-721
-545
-348
-137
79
295
499
688
852
987
1.08e+03
1.15e+03
1.14e+03
1.14e+03
1.08e+03
988
852
688
499
292
79
-137
-349
-544
-720
-872
-992
-1.08e+03
-1.1e+03
-1.08e+03
-1.06e+03
-1.01e+03
-921
-809
-676
-521
-352
-176
8
192
372
547
711
860
963
1.05e+03
1.16e+03
1.24e+03
1.32e+03
1.37e+03
1.42e+03
1.44e+03
1.45e+03
1.44e+03
1.42e+03
1.37e+03
1.32e+03
1.24e+03
1.15e+03
1.05e+03
903
804
664
516
363
203
43
-117
-272
-417
-556
-673
-776
-857
-917
-953
-936
-953
-917
-857
-776
-673
-553
-420
-273
-120
40
203
360
516
667
803
963
1.1e+03
1.2e+03
1.27e+03
1.32e+03
1.36e+03
1.38e+03
1.38e+03
1.36e+03
1.34e+03
1.29e+03
1.24e+03
1.17e+03
1.1e+03
1.02e+03
927
803
736
636
535
431
324
216
108
0
-109
-217
-324
-432
-536
-637
-737
-804
-928
-1.02e+03
-1.1e+03
-1.17e+03
-1.24e+03
-1.29e+03
-1.34e+03
-1.37e+03
-1.38e+03
-1.38e+03
-1.36e+03
-1.33e+03
-1.27e+03
-1.2e+03
-1.1e+03
-961
-805
-668
-517
-364
-204
-44
119
272
419
555
672
776
856
916
955
995
1e+03
960
888
787
664
520
363
192
15
-164
-340
-505
-664
-805
-928
-1e+03
-1.12e+03
-1.18e+03
-1.23e+03
-1.25e+03
-1.25e+03
-1.24e+03
-1.21e+03
-1.17e+03
-1.13e+03
-1.08e+03
-1.02e+03
-969
-920
-873
-833
-828
-829
-805
-785
-768
-757
-749
-744
-741
-744
-749
-760
-769
-788
-808
-832
-889
-885
-917
-949
-984
-1.02e+03
-1.04e+03
-1.07e+03
-1.1e+03
-1.11e+03
-1.12e+03
-1.12e+03
-1.11e+03
-1.08e+03
-1.05e+03
-997
-964
-913
-820
-709
-588
-448
-308
-153
-1
155
304
451
587
708
819
915
963
995
1.04e+03
1.08e+03
1.11e+03
1.12e+03
1.12e+03
1.11e+03
1.1e+03
1.07e+03
1.04e+03
1.01e+03
980
947
915
884
828
776
760
756
759
764
780
796
820
844
868
895
915
931
947
955
931
900
904
903
903
903
903
903
903
903
903
904
903
903
900
900
871
903
903
903
903
903
903
900
903
903
903
900
903
903
904
903
931
955
947
932
915
892
868
844
820
799
780
767
759
756
760
779
767
832
871
919
968
1.02e+03
1.08e+03
1.13e+03
1.17e+03
1.21e+03
1.24e+03
1.25e+03
1.25e+03
1.22e+03
1.18e+03
1.12e+03
1e+03
928
803
660
504
339
163
-17
-193
-365
-521
-665
-788
-889
-961
-1.01e+03
-996
-957
-920
-860
-777
-676
-556
-420
-273
-121
40
200
363
516
664
804
900
1.05e+03
1.15e+03
1.24e+03
1.32e+03
1.37e+03
1.41e+03
1.44e+03
1.45e+03
1.44e+03
1.42e+03
1.37e+03
1.32e+03
1.24e+03
1.15e+03
1.05e+03
960
856
708
544
372
192
11
-176
-352
-521
-676
-809
-921
-1e+03
-1.06e+03
-1.08e+03
-1.09e+03
-1.08e+03
-989
-872
-720
-544
-345
-137
79
295
500
687
852
987
1.08e+03
1.15e+03
1.2e+03
1.2e+03
1.13e+03
1.02e+03
863
679
467
236
0
-237
-465
-680
-864
-1.02e+03
-1.13e+03
-1.2e+03
-1.25e+03
-1.2e+03
-1.13e+03
-1.02e+03
-864
-677
-468
-237
-1
239
467
676
863
1.02e+03
1.13e+03
1.2e+03
1.2e+03
1.15e+03
1.08e+03
984
852
687
499
292
80
-136
-348
-544
-721
-869
-989
-1.08e+03
-1.15e+03
-1.13e+03
-1.1e+03
-1.03e+03
-932
-800
-644
-464
-273
-72
131
327
519
691
848
983
1.06e+03
1.12e+03
1.18e+03
1.23e+03
1.25e+03
1.25e+03
1.24e+03
1.21e+03
1.18e+03
1.13e+03
1.08e+03
1.02e+03
971
919
875
835
828
831
807
787
768
759
748
744
740
743
748
756
768
784
807
831
888
888
915
948
983
1.01e+03
1.04e+03
1.07e+03
1.1e+03
1.11e+03
1.12e+03
1.12e+03
1.11e+03
1.08e+03
1.04e+03
999
903
863
776
680
575
460
339
211
83
-53
-184
-313
-444
-564
-681
-792
-861
-928
-1.02e+03
-1.1e+03
-1.17e+03
-1.24e+03
-1.3e+03
-1.34e+03
-1.37e+03
-1.38e+03
-1.38e+03
-1.37e+03
-1.33e+03
-1.27e+03
-1.2e+03
-1.1e+03
-1.02e+03
-860
-712
-548
-373
-193
-9
175
351
520
672
808
920
1e+03
1.06e+03
1.08e+03
1.04e+03
1.02e+03
948
840
708
552
379
192
0
-193
-380
-552
-709
-841
-948
-1.02e+03
-1.09e+03
-1.13e+03
-1.1e+03
-1.03e+03
-932
-800
-644
-464
-273
-72
131
328
519
692
847
983
1.06e+03
1.12e+03
1.18e+03
1.22e+03
1.25e+03
1.25e+03
1.24e+03
1.21e+03
1.18e+03
1.13e+03
1.08e+03
1.02e+03
971
920
875
835
831
831
807
787
771
756
748
743
740
744
751
759
771
788
808
831
887
887
919
948
980
1.02e+03
1.05e+03
1.07e+03
1.1e+03
1.11e+03
1.12e+03
1.12e+03
1.1e+03
1.08e+03
1.04e+03
995
960
912
819
707
583
448
304
152
0
-156
-305
-452
-585
-712
-821
-916
-964
-997
-1.05e+03
-1.08e+03
-1.11e+03
-1.12e+03
-1.12e+03
-1.11e+03
-1.1e+03
-1.07e+03
-1.04e+03
-1.01e+03
-981
-948
-916
-885
-828
-777
-764
-756
-757
-765
-780
-797
-820
-844
-869
-892
-912
-929
-944
-953
-928
-901
-901
-901
-904
-901
-901
-904
-901
-901
-901
-901
-904
-904
-904
-904
-932
-956
-948
-933
-916
-896
-869
-848
-821
-801
-781
-769
-760
-757
-765
-780
-829
-888
-917
-949
-984
-1.01e+03
-1.05e+03
-1.07e+03
-1.1e+03
-1.11e+03
-1.12e+03
-1.12e+03
-1.11e+03
-1.08e+03
-1.05e+03
-996
-964
-916
-820
-709
-585
-452
-305
-156
0
152
303
448
584
708
819
912
1.02e+03
1.05e+03
1.09e+03
1.11e+03
1.12e+03
1.11e+03
1.08e+03
1.05e+03
1.02e+03
967
920
879
835
800
776
760
727
707
731
775
824
887
952
1.02e+03
1.09e+03
1.16e+03
1.2e+03
1.24e+03
1.26e+03
1.26e+03
1.23e+03
1.17e+03
1.06e+03
927
804
663
507
336
163
-16
-193
-364
-524
-664
-788
-888
-961
-1.01e+03
-1.05e+03
-1.01e+03
-960
-889
-788
-664
-521
-361
-193
-16
164
336
507
664
807
932
1e+03
1.12e+03
1.18e+03
1.23e+03
1.25e+03
1.25e+03
1.24e+03
1.21e+03
1.18e+03
1.13e+03
1.08e+03
1.02e+03
971
919
872
832
768
776
763
756
759
764
780
799
820
843
867
892
912
928
943
952
987
952
944
931
912
892
868
844
820
799
779
764
756
755
763
776
827
884
915
944
979
1.02e+03
1.04e+03
1.07e+03
1.09e+03
1.11e+03
1.12e+03
1.12e+03
1.1e+03
1.08e+03
1.04e+03
995
900
859
776
679
575
459
336
211
83
-53
-184
-316
-441
-564
-680
-789
-861
-925
-1.01e+03
-1.1e+03
-1.17e+03
-1.24e+03
-1.29e+03
-1.34e+03
-1.37e+03
-1.38e+03
-1.38e+03
-1.36e+03
-1.33e+03
-1.27e+03
-1.2e+03
-1.1e+03
-964
-805
-665
-517
-364
-201
-41
120
275
419
555
675
776
860
920
956
996
1.01e+03
963
887
788
664
524
364
192
16
-161
-337
-505
-661
-804
-929
-1e+03
-1.12e+03
-1.18e+03
-1.23e+03
-1.25e+03
-1.25e+03
-1.24e+03
-1.21e+03
-1.17e+03
-1.13e+03
-1.08e+03
-1.02e+03
-969
-917
-872
-832
-828
-829
-808
-788
-768
-756
-748
-741
-741
-744
-748
-757
-769
-785
-805
-829
-828
-832
-873
-920
-968
-1.02e+03
-1.08e+03
-1.13e+03
-1.17e+03
-1.21e+03
-1.24e+03
-1.25e+03
-1.25e+03
-1.22e+03
-1.18e+03
-1.12e+03
-1.06e+03
-981
-848
-692
-517
-328
-129
72
272
464
643
800
932
1.03e+03
1.1e+03
1.13e+03
1.16e+03
1.08e+03
988
871
719
543
347
136
-80
-296
-500
-688
-852
-989
-1.09e+03
-1.15e+03
-1.14e+03
-1.15e+03
-1.09e+03
-985
-852
-688
-500
-293
-77
136
347
544
720
872
992
1.08e+03
1.16e+03
1.13e+03
1.1e+03
1.03e+03
932
800
640
464
272
72
-129
-329
-520
-692
-849
-984
-1.07e+03
-1.12e+03
-1.19e+03
-1.23e+03
-1.25e+03
-1.25e+03
-1.24e+03
-1.21e+03
-1.18e+03
-1.13e+03
-1.08e+03
-1.02e+03
-972
-920
-872
-832
-769
-776
-764
-757
-756
-765
-781
-800
-821
-844
-868
-893
-913
-929
-944
-953
-929
-901
-901
-901
-901
-900
-901
-900
-901
-901
-901
-901
-901
-904
-901
-900
-872
-901
-901
-901
-901
-901
-901
-901
-901
-901
-901
-901
-901
-901
-901
-901
-872
-901
-901
-901
-901
-901
-901
-901
-901
-901
-901
-901
-901
-901
-901
-901
-872
-900
-901
-904
-901
-901
-901
-901
-901
-900
-901
-900
-901
-901
-901
-901
-929
-953
-944
-929
-913
-893
-868
-844
-821
-800
-781
-765
-756
-757
-764
-776
-769
-833
-873
-917
-969
-1.02e+03
-1.08e+03
-1.13e+03
-1.18e+03
-1.21e+03
-1.24e+03
-1.26e+03
-1.25e+03
-1.23e+03
-1.19e+03
-1.12e+03
-1.06e+03
-984
-849
-696
-517
-329
-129
72
275
467
643
800
932
1.04e+03
1.1e+03
1.13e+03
1.16e+03
1.08e+03
992
872
720
544
347
139
-80
-296
-500
-689
-853
-989
-1.09e+03
-1.15e+03
-1.2e+03
-1.2e+03
-1.13e+03
-1.02e+03
-865
-677
-469
-240
-4
236
467
676
863
1.02e+03
1.13e+03
1.2e+03
1.26e+03
1.2e+03
1.13e+03
1.02e+03
864
679
468
236
-1
-237
-468
-677
-861
-1.02e+03
-1.13e+03
-1.2e+03
-1.2e+03
-1.15e+03
-1.09e+03
-988
-852
-688
-500
-296
-81
135
347
543
719
868
988
1.08e+03
1.1e+03
1.08e+03
1.06e+03
1e+03
920
808
675
520
352
175
-9
-193
-373
-545
-709
-857
-1.02e+03
-1.1e+03
-1.2e+03
-1.27e+03
-1.33e+03
-1.36e+03
-1.38e+03
-1.38e+03
-1.37e+03
-1.34e+03
-1.29e+03
-1.24e+03
-1.17e+03
-1.1e+03
-1.02e+03
-925
-801
-736
-637
-536
-432
-324
-217
-108
-1
108
219
324
431
532
636
739
803
927
1.02e+03
1.1e+03
1.18e+03
1.24e+03
1.3e+03
1.34e+03
1.37e+03
1.38e+03
1.38e+03
1.36e+03
1.33e+03
1.28e+03
1.2e+03
1.1e+03
1.02e+03
859
711
547
372
192
11
-173
-352
-521
-676
-809
-920
-1e+03
-1.06e+03
-1.08e+03
-1.1e+03
-1.08e+03
-989
-872
-720
-541
-345
-136
80
296
499
691
852
987
1.09e+03
1.15e+03
1.2e+03
1.2e+03
1.13e+03
1.02e+03
864
679
468
239
-1
-237
-468
-680
-864
-1.02e+03
-1.13e+03
-1.2e+03
-1.25e+03
-1.2e+03
-1.13e+03
-1.02e+03
-865
-680
-468
-237
3
239
468
679
864
1.02e+03
1.13e+03
1.2e+03
1.26e+03
1.2e+03
1.13e+03
1.02e+03
863
679
468
239
0
-240
-469
-680
-865
-1.02e+03
-1.13e+03
-1.2e+03
-1.2e+03
-1.15e+03
-1.09e+03
-988
-853
-688
-501
-296
-81
139
348
547
720
872
991
1.08e+03
1.1e+03
1.08e+03
1.06e+03
1e+03
920
808
676
523
355
175
-9
-192
-373
-548
-709
-860
-965
-1.05e+03
-1.16e+03
-1.25e+03
-1.32e+03
-1.38e+03
-1.42e+03
-1.44e+03
-1.45e+03
-1.44e+03
-1.42e+03
-1.38e+03
-1.32e+03
-1.24e+03
-1.16e+03
-1.05e+03
-964
-860
-709
-548
-376
-193
-9
175
352
519
675
808
919
1e+03
1.06e+03
1.08e+03
1.03e+03
1.02e+03
947
843
708
551
376
191
0
-193
-380
-553
-709
-841
-949
-1.03e+03
-1.1e+03
-1.13e+03
-1.1e+03
-1.03e+03
-932
-801
-641
-465
-273
-73
128
331
519
692
848
983
1.06e+03
1.12e+03
1.18e+03
1.23e+03
1.25e+03
1.25e+03
1.24e+03
1.21e+03
1.18e+03
1.13e+03
1.08e+03
1.02e+03
971
919
875
835
771
779
763
756
760
767
780
799
820
847
871
892
915
932
944
955
991
955
944
932
912
892
871
844
820
799
780
767
759
756
760
775
768
832
871
919
968
1.02e+03
1.08e+03
1.13e+03
1.17e+03
1.21e+03
1.24e+03
1.25e+03
1.25e+03
1.22e+03
1.18e+03
1.12e+03
1.06e+03
980
847
692
516
327
131
-73
-273
-465
-644
-801
-933
-1.03e+03
-1.1e+03
-1.13e+03
-1.15e+03
-1.08e+03
-989
-872
-720
-544
-345
-136
80
295
503
691
852
988
1.09e+03
1.15e+03
1.14e+03
1.15e+03
1.09e+03
988
855
688
500
295
83
-136
-345
-541
-720
-872
-989
-1.08e+03
-1.15e+03
-1.13e+03
-1.1e+03
-1.03e+03
-929
-800
-641
-464
-273
-73
131
331
519
692
848
983
1.12e+03
1.17e+03
1.22e+03
1.26e+03
1.26e+03
1.24e+03
1.21e+03
1.16e+03
1.1e+03
1.03e+03
956
887
824
772
735
707
668
708
735
772
824
884
955
1.02e+03
1.09e+03
1.16e+03
1.2e+03
1.24e+03
1.26e+03
1.25e+03
1.22e+03
1.17e+03
1.12e+03
980
848
691
519
328
128
-73
-273
-465
-644
-801
-932
-1.03e+03
-1.1e+03
-1.13e+03
-1.1e+03
-1.02e+03
-948
-841
-709
-553
-377
-189
-1
192
380
552
711
844
947
1.02e+03
1.1e+03
1.13e+03
1.1e+03
1.03e+03
932
800
644
467
275
75
-129
-329
-517
-693
-852
-984
-1.12e+03
-1.17e+03
-1.23e+03
-1.26e+03
-1.26e+03
-1.24e+03
-1.21e+03
-1.16e+03
-1.1e+03
-1.03e+03
-957
-889
-828
-777
-733
-712
-729
-764
-777
-805
-837
-880
-924
-969
-1.01e+03
-1.06e+03
-1.09e+03
-1.11e+03
-1.12e+03
-1.11e+03
-1.09e+03
-1.05e+03
-961
-860
-773
-680
-576
-457
-336
-209
-80
52
184
316
440
564
680
788
863
928
1.02e+03
1.1e+03
1.18e+03
1.24e+03
1.29e+03
1.34e+03
1.37e+03
1.38e+03
1.38e+03
1.36e+03
1.33e+03
1.27e+03
1.2e+03
1.1e+03
963
804
664
516
360
203
40
-120
-276
-420
-553
-676
-780
-860
-917
-956
-937
-956
-920
-860
-777
-676
-556
-420
-273
-120
39
200
360
516
663
803
903
1.05e+03
1.15e+03
1.24e+03
1.32e+03
1.37e+03
1.41e+03
1.44e+03
1.45e+03
1.44e+03
1.42e+03
1.38e+03
1.32e+03
1.24e+03
1.16e+03
1.05e+03
963
859
711
547
372
192
8
-176
-356
-521
-676
-809
-921
-1.01e+03
-1.06e+03
-1.08e+03
-1.1e+03
-1.08e+03
-992
-873
-721
-545
-348
-137
79
296
499
688
852
988
1.09e+03
1.15e+03
1.2e+03
1.2e+03
1.13e+03
1.02e+03
864
679
468
240
3
-237
-465
-677
-864
-1.02e+03
-1.13e+03
-1.2e+03
-1.2e+03
-1.15e+03
-1.09e+03
-985
-852
-689
-500
-296
-80
135
344
543
720
871
991
1.08e+03
1.1e+03
1.08e+03
1.06e+03
1e+03
920
811
675
523
355
175
-8
-193
-373
-545
-709
-860
-960
-1.05e+03
-1.15e+03
-1.24e+03
-1.32e+03
-1.37e+03
-1.41e+03
-1.44e+03
-1.45e+03
-1.44e+03
-1.41e+03
-1.37e+03
-1.32e+03
-1.25e+03
-1.15e+03
-1.05e+03
-905
-808
-668
-517
-361
-204
-41
119
275
419
555
675
776
860
920
956
999
1.01e+03
963
888
788
667
523
364
192
16
-161
-340
-508
-665
-808
-929
-1.06e+03
-1.17e+03
-1.23e+03
-1.26e+03
-1.26e+03
-1.24e+03
-1.21e+03
-1.16e+03
-1.1e+03
-1.03e+03
-957
-888
-825
-773
-736
-708
-669
-708
-733
-772
-825
-888
-956
-1.03e+03
-1.09e+03
-1.16e+03
-1.21e+03
-1.24e+03
-1.26e+03
-1.26e+03
-1.23e+03
-1.17e+03
-1.06e+03
-929
-808
-664
-505
-340
-164
16
192
363
520
664
791
888
963
1.01e+03
996
956
919
860
779
675
555
420
275
119
-40
-204
-364
-517
-668
-805
-904
-1.05e+03
-1.15e+03
-1.24e+03
-1.32e+03
-1.37e+03
-1.41e+03
-1.44e+03
-1.45e+03
-1.44e+03
-1.41e+03
-1.37e+03
-1.32e+03
-1.24e+03
-1.15e+03
-1.05e+03
-964
-857
-708
-545
-373
-193
-9
175
352
523
676
812
920
1.01e+03
1.06e+03
1.08e+03
