-876
-936
-989
-1.04e+03
-1.08e+03
-1.12e+03
-1.15e+03
-1.18e+03
-1.19e+03
-1.2e+03
-1.19e+03
-1.17e+03
-1.15e+03
-1.1e+03
-1.05e+03
-989
-884
-801
-708
-608
-501
-393
-277
-160
-41
79
200
319
435
548
659
763
831
927
1.02e+03
1.1e+03
1.17e+03
1.24e+03
1.3e+03
1.34e+03
1.37e+03
1.38e+03
1.38e+03
1.36e+03
1.33e+03
1.27e+03
1.2e+03
1.1e+03
960
804
667
519
363
200
40
-120
-276
-421
-556
-676
-777
-860
-920
-956
-996
-1.01e+03
-964
-889
-789
-665
-521
-365
-193
-17
160
339
504
663
804
928
1e+03
1.12e+03
1.18e+03
1.22e+03
1.25e+03
1.25e+03
1.24e+03
1.21e+03
1.18e+03
1.13e+03
1.08e+03
1.02e+03
971
919
872
832
831
831
804
784
768
755
748
743
740
743
748
755
768
784
804
831
827
832
872
919
968
1.02e+03
1.08e+03
1.13e+03
1.18e+03
1.21e+03
1.24e+03
1.25e+03
1.25e+03
1.22e+03
1.18e+03
1.12e+03
1e+03
928
807
660
507
336
160
-17
-193
-364
-521
-668
-789
-889
-961
-1.01e+03
-996
-956
-921
-860
-780
-676
-556
-420
-273
-120
40
200
359
516
664
804
963
1.1e+03
1.2e+03
1.27e+03
1.33e+03
1.36e+03
1.38e+03
1.38e+03
1.37e+03
1.34e+03
1.29e+03
1.24e+03
1.17e+03
1.1e+03
1.02e+03
927
800
735
636
535
428
324
216
107
-1
-112
-217
-325
-432
-536
-637
-737
-861
-981
-1.06e+03
-1.13e+03
-1.19e+03
-1.23e+03
-1.26e+03
-1.28e+03
-1.29e+03
-1.28e+03
-1.26e+03
-1.23e+03
-1.19e+03
-1.13e+03
-1.06e+03
-981
-921
-789
-681
-564
-444
-316
-185
-52
79
211
336
456
572
680
775
860
903
995
1.04e+03
1.08e+03
1.11e+03
1.12e+03
1.12e+03
1.11e+03
1.1e+03
1.07e+03
1.04e+03
1.02e+03
983
947
916
884
828
776
760
756
759
764
780
799
820
844
868
891
912
931
943
952
987
952
944
931
912
891
867
844
820
799
780
767
756
756
763
775
827
884
915
948
980
1.01e+03
1.04e+03
1.07e+03
1.09e+03
1.11e+03
1.12e+03
1.12e+03
1.1e+03
1.08e+03
1.04e+03
995
903
860
776
679
572
459
336
211
79
-56
-185
-316
-441
-565
-681
-789
-924
-980
-1.06e+03
-1.13e+03
-1.19e+03
-1.23e+03
-1.26e+03
-1.28e+03
-1.29e+03
-1.28e+03
-1.26e+03
-1.23e+03
-1.19e+03
-1.13e+03
-1.06e+03
-981
-861
-737
-640
-536
-432
-324
-217
-108
0
107
216
323
431
535
636
736
800
924
1.02e+03
1.1e+03
1.17e+03
1.24e+03
1.3e+03
1.34e+03
1.37e+03
1.38e+03
1.38e+03
1.36e+03
1.33e+03
1.27e+03
1.2e+03
1.1e+03
960
804
664
516
360
203
40
-120
-273
-420
-556
-676
-777
-860
-921
-953
-937
-953
-920
-860
-777
-673
-556
-420
-276
-117
40
200
363
516
667
804
903
1.05e+03
1.16e+03
1.24e+03
1.32e+03
1.37e+03
1.42e+03
1.44e+03
1.45e+03
1.44e+03
1.42e+03
1.38e+03
1.32e+03
1.24e+03
1.16e+03
1.05e+03
903
803
664
516
360
203
40
-117
-276
-420
-556
-676
-780
-861
-920
-956
-996
-1.01e+03
-964
-888
-789
-665
-524
-364
-196
-20
159
339
507
663
803
928
1e+03
1.12e+03
1.18e+03
1.23e+03
1.25e+03
1.25e+03
1.24e+03
1.21e+03
1.17e+03
1.13e+03
1.08e+03
1.02e+03
968
919
872
832
827
831
804
787
771
755
747
743
739
740
748
755
768
784
807
828
828
832
871
919
971
1.02e+03
1.08e+03
1.13e+03
1.18e+03
1.21e+03
1.24e+03
1.25e+03
1.25e+03
1.23e+03
1.18e+03
1.12e+03
1e+03
928
803
663
507
339
160
-17
-193
-365
-524
-665
-789
-889
-964
-1.01e+03
-1.06e+03
-1.01e+03
-964
-888
-789
-665
-524
-364
-193
-17
160
335
507
663
804
931
1.06e+03
1.17e+03
1.23e+03
1.26e+03
1.26e+03
1.24e+03
1.2e+03
1.16e+03
1.09e+03
1.03e+03
956
888
827
772
735
708
668
708
732
771
824
887
956
1.02e+03
1.1e+03
1.16e+03
1.21e+03
1.24e+03
1.26e+03
1.26e+03
1.23e+03
1.17e+03
1.12e+03
983
847
691
516
328
127
-76
-276
-465
-644
-801
-932
-1.03e+03
-1.1e+03
-1.13e+03
-1.16e+03
-1.08e+03
-992
-873
-721
-544
-348
-137
79
295
496
687
852
988
1.09e+03
1.15e+03
1.2e+03
1.2e+03
1.13e+03
1.02e+03
863
679
467
236
-1
-240
-468
-680
-864
-1.02e+03
-1.13e+03
-1.2e+03
-1.26e+03
-1.2e+03
-1.13e+03
-1.02e+03
-864
-680
-469
-240
-1
236
467
676
864
1.02e+03
1.13e+03
1.2e+03
1.2e+03
1.15e+03
1.09e+03
987
852
688
500
295
79
-137
-348
-545
-720
-873
-992
-1.08e+03
-1.16e+03
-1.13e+03
-1.1e+03
-1.03e+03
-932
-801
-644
-468
-276
-73
128
327
516
691
847
980
1.12e+03
1.17e+03
1.23e+03
1.26e+03
1.26e+03
1.24e+03
1.2e+03
1.16e+03
1.09e+03
1.02e+03
955
887
824
772
735
708
668
707
735
775
824
887
956
1.03e+03
1.1e+03
1.16e+03
1.21e+03
1.24e+03
1.26e+03
1.26e+03
1.23e+03
1.17e+03
1.06e+03
928
804
663
504
336
160
-17
-193
-364
-524
-665
-789
-889
-964
-1.01e+03
-1.06e+03
-1.01e+03
-964
-889
-789
-665
-524
-364
-193
-17
160
336
507
663
804
927
1e+03
1.12e+03
1.18e+03
1.23e+03
1.25e+03
1.25e+03
1.24e+03
1.21e+03
1.18e+03
1.13e+03
1.08e+03
1.02e+03
971
919
872
832
827
831
804
787
768
756
748
743
740
743
747
756
771
787
804
831
827
831
872
916
968
1.02e+03
1.08e+03
1.13e+03
1.17e+03
1.21e+03
1.24e+03
1.25e+03
1.25e+03
1.23e+03
1.18e+03
1.12e+03
1.06e+03
980
847
691
516
328
128
-73
-276
-468
-644
-801
-932
-1.04e+03
-1.1e+03
-1.13e+03
-1.16e+03
-1.08e+03
-992
-873
-721
-544
-348
-137
79
292
499
687
852
987
1.09e+03
1.15e+03
1.14e+03
1.15e+03
1.09e+03
987
851
687
500
295
79
-136
-348
-544
-721
-873
-993
-1.08e+03
-1.16e+03
-1.13e+03
-1.1e+03
-1.03e+03
-933
-801
-644
-465
-276
-73
128
327
515
692
848
983
1.06e+03
1.12e+03
1.18e+03
1.23e+03
1.25e+03
1.25e+03
1.24e+03
1.21e+03
1.17e+03
1.13e+03
1.08e+03
1.02e+03
968
919
872
832
828
828
804
784
768
756
747
743
740
740
747
756
768
784
807
828
827
832
872
919
971
1.02e+03
1.08e+03
1.13e+03
1.17e+03
1.21e+03
1.24e+03
1.25e+03
1.25e+03
1.23e+03
1.18e+03
1.12e+03
1.06e+03
983
848
692
516
327
128
-73
-273
-468
-645
-801
-933
-1.04e+03
-1.1e+03
-1.13e+03
-1.1e+03
-1.03e+03
-949
-841
-708
-553
-380
-193
-4
192
379
552
708
840
948
1.02e+03
1.04e+03
1.08e+03
1.06e+03
1e+03
920
811
676
520
355
175
-9
-193
-376
-548
-709
-857
-964
-1.05e+03
-1.15e+03
-1.24e+03
-1.32e+03
-1.37e+03
-1.42e+03
-1.44e+03
-1.45e+03
-1.44e+03
-1.42e+03
-1.38e+03
-1.32e+03
-1.24e+03
-1.16e+03
-1.05e+03
-904
-808
-668
-520
-361
-204
-41
116
272
419
555
675
775
859
919
955
995
1.01e+03
960
888
788
663
523
364
192
16
-164
-337
-508
-664
-805
-932
-1.01e+03
-1.12e+03
-1.18e+03
-1.23e+03
-1.25e+03
-1.25e+03
-1.24e+03
-1.21e+03
-1.18e+03
-1.13e+03
-1.08e+03
-1.02e+03
-972
-920
-873
-836
-772
-777
-764
-757
-757
-769
-784
-800
-824
-845
-869
-896
-916
-932
-945
-956
-989
-956
-945
-932
-913
-892
-872
-845
-824
-800
-781
-769
-757
-757
-764
-780
-829
-885
-917
-949
-981
-1.02e+03
-1.05e+03
-1.07e+03
-1.1e+03
-1.11e+03
-1.12e+03
-1.12e+03
-1.11e+03
-1.08e+03
-1.05e+03
-997
-905
-861
-780
-681
-576
-461
-337
-212
-81
52
183
315
439
563
680
788
920
979
1.06e+03
1.13e+03
1.18e+03
1.23e+03
1.26e+03
1.28e+03
1.29e+03
1.28e+03
1.26e+03
1.23e+03
1.18e+03
1.13e+03
1.06e+03
979
860
736
636
532
428
324
215
108
0
-109
-217
-325
-432
-536
-640
-737
-861
-981
-1.06e+03
-1.13e+03
-1.19e+03
-1.23e+03
-1.26e+03
-1.28e+03
-1.29e+03
-1.28e+03
-1.26e+03
-1.23e+03
-1.19e+03
-1.13e+03
-1.06e+03
-981
-861
-737
-637
-536
-432
-325
-217
-109
-1
108
216
324
428
535
636
736
860
979
1.06e+03
1.12e+03
1.18e+03
1.23e+03
1.26e+03
1.28e+03
1.29e+03
1.28e+03
1.26e+03
1.23e+03
1.18e+03
1.13e+03
1.06e+03
980
860
735
636
535
428
323
215
108
0
-109
-217
-325
-432
-536
-637
-737
-804
-928
-1.02e+03
-1.1e+03
-1.17e+03
-1.24e+03
-1.3e+03
-1.34e+03
-1.37e+03
-1.38e+03
-1.38e+03
-1.37e+03
-1.33e+03
-1.27e+03
-1.2e+03
-1.11e+03
-1.02e+03
-860
-709
-549
-376
-193
-12
175
352
520
675
807
923
1e+03
1.06e+03
1.08e+03
1.1e+03
1.08e+03
991
871
719
544
344
136
-81
-296
-501
-689
-853
-989
-1.09e+03
-1.15e+03
-1.2e+03
-1.2e+03
-1.13e+03
-1.02e+03
-865
-681
-468
-240
-1
236
464
676
863
1.02e+03
1.13e+03
1.2e+03
1.26e+03
1.2e+03
1.13e+03
1.02e+03
863
679
467
239
0
-240
-468
-681
-865
-1.02e+03
-1.13e+03
-1.2e+03
-1.2e+03
-1.15e+03
-1.09e+03
-989
-853
-689
-501
-296
-81
135
344
543
719
868
991
1.08e+03
1.1e+03
1.08e+03
1.06e+03
1e+03
920
808
676
520
352
175
-9
-193
-373
-548
-712
-857
-964
-1.05e+03
-1.16e+03
-1.25e+03
-1.32e+03
-1.38e+03
-1.42e+03
-1.44e+03
-1.45e+03
-1.44e+03
-1.42e+03
-1.38e+03
-1.32e+03
-1.24e+03
-1.16e+03
-1.05e+03
-905
-805
-665
-520
-364
-205
-44
116
272
419
552
675
775
859
916
955
936
955
919
859
776
675
555
419
272
116
-41
-204
-364
-520
-668
-805
-904
-1.05e+03
-1.16e+03
-1.25e+03
-1.32e+03
-1.38e+03
-1.42e+03
-1.44e+03
-1.45e+03
-1.44e+03
-1.42e+03
-1.38e+03
-1.32e+03
-1.24e+03
-1.16e+03
-1.05e+03
-964
-857
-712
-548
-373
-192
-9
175
352
520
675
808
919
1e+03
1.06e+03
1.08e+03
1.04e+03
1.02e+03
947
840
707
551
376
191
-1
-193
-380
-556
-712
-844
-949
-1.03e+03
-1.04e+03
-1.08e+03
-1.06e+03
-1.01e+03
-924
-812
-677
-524
-356
-176
8
192
372
547
708
856
1.02e+03
1.1e+03
1.2e+03
1.27e+03
1.33e+03
1.36e+03
1.38e+03
1.38e+03
1.37e+03
1.34e+03
1.3e+03
1.24e+03
1.17e+03
1.1e+03
1.02e+03
924
860
788
679
563
440
312
183
51
-80
-212
-340
-461
-576
-681
-777
-861
-964
-1.05e+03
-1.09e+03
-1.11e+03
-1.12e+03
-1.11e+03
-1.09e+03
-1.06e+03
-1.02e+03
-969
-924
-881
-840
-804
-780
-764
-789
-764
-780
-804
-840
-881
-924
-969
-1.02e+03
-1.06e+03
-1.09e+03
-1.11e+03
-1.12e+03
-1.11e+03
-1.09e+03
-1.05e+03
-1.02e+03
-916
-820
-712
-585
-452
-305
-156
-1
152
304
447
584
708
819
912
1.02e+03
1.05e+03
1.09e+03
1.11e+03
1.12e+03
1.11e+03
1.09e+03
1.06e+03
1.01e+03
968
923
879
839
803
776
760
727
708
735
772
824
887
955
1.03e+03
1.09e+03
1.16e+03
1.21e+03
1.24e+03
1.26e+03
1.26e+03
1.23e+03
1.17e+03
1.06e+03
928
804
663
507
336
160
-17
-196
-365
-524
-665
-789
-892
-964
-1.01e+03
-1.06e+03
-1.01e+03
-964
-888
-789
-665
-524
-364
-193
-17
163
336
504
660
804
928
1e+03
1.12e+03
1.18e+03
1.23e+03
1.25e+03
1.25e+03
1.24e+03
1.21e+03
1.17e+03
1.13e+03
1.08e+03
1.02e+03
968
919
872
831
768
775
763
756
756
764
780
799
820
844
868
892
912
928
944
955
988
955
944
931
912
892
867
843
819
799
779
764
759
756
763
776
828
887
916
948
980
1.02e+03
1.04e+03
1.07e+03
1.1e+03
1.11e+03
1.12e+03
1.12e+03
1.1e+03
1.08e+03
1.04e+03
995
963
912
819
707
584
448
304
155
0
-156
-305
-452
-588
-712
-820
-913
-961
-997
-1.05e+03
-1.08e+03
-1.11e+03
-1.12e+03
-1.12e+03
-1.11e+03
-1.1e+03
-1.07e+03
-1.05e+03
-1.02e+03
-984
-948
-917
-888
-889
-832
-808
-788
-769
-760
-749
-745
-744
-745
-749
-760
-769
-788
-808
-832
-888
-885
-917
-948
-981
-1.02e+03
-1.05e+03
-1.07e+03
-1.1e+03
-1.11e+03
-1.12e+03
-1.12e+03
-1.11e+03
-1.08e+03
-1.05e+03
-997
-964
-913
-820
-709
-585
-452
-305
-153
0
152
304
451
584
708
819
912
960
995
1.05e+03
1.08e+03
1.1e+03
1.12e+03
1.12e+03
1.11e+03
1.09e+03
1.07e+03
1.04e+03
1.01e+03
980
947
916
884
887
828
804
784
767
759
748
743
740
743
748
759
767
784
804
828
887
887
915
947
980
1.01e+03
1.04e+03
1.07e+03
1.1e+03
1.11e+03
1.12e+03
1.12e+03
1.1e+03
1.08e+03
1.04e+03
995
963
912
819
708
584
448
303
152
-4
-156
-305
-449
-585
-712
-820
-916
-1.02e+03
-1.05e+03
-1.09e+03
-1.11e+03
-1.12e+03
-1.11e+03
-1.09e+03
-1.06e+03
-1.02e+03
-972
-924
-880
-840
-804
-777
-764
-788
-761
-780
-804
-837
-880
-925
-972
-1.02e+03
-1.06e+03
-1.09e+03
-1.11e+03
-1.12e+03
-1.11e+03
-1.09e+03
-1.05e+03
-1.02e+03
-913
-820
-712
-584
-452
-305
-156
-1
155
304
448
584
708
819
912
960
995
1.04e+03
1.08e+03
1.1e+03
1.12e+03
1.12e+03
1.11e+03
1.1e+03
1.07e+03
1.04e+03
1.01e+03
980
947
915
884
828
776
763
755
759
767
780
799
820
844
868
892
915
931
944
952
928
900
903
903
900
900
900
903
899
903
900
900
900
903
903
900
928
952
944
931
915
892
868
844
820
799
780
767
759
755
763
776
827
887
916
948
980
1.02e+03
1.04e+03
1.07e+03
1.1e+03
1.11e+03
1.12e+03
1.12e+03
1.1e+03
1.08e+03
1.04e+03
995
903
859
775
679
572
460
336
211
79
-53
-185
-316
-440
-564
-681
-789
-861
-928
-1.02e+03
-1.1e+03
-1.18e+03
-1.24e+03
-1.3e+03
-1.34e+03
-1.37e+03
-1.38e+03
-1.38e+03
-1.37e+03
-1.33e+03
-1.27e+03
-1.2e+03
-1.1e+03
-964
-805
-668
-520
-365
-204
-41
119
272
419
552
672
775
856
916
952
935
952
919
859
775
675
555
419
271
119
-41
-205
-361
-520
-668
-805
-904
-1.05e+03
-1.16e+03
-1.24e+03
-1.32e+03
-1.38e+03
-1.42e+03
-1.44e+03
-1.45e+03
-1.44e+03
-1.42e+03
-1.38e+03
-1.32e+03
-1.25e+03
-1.16e+03
-1.05e+03
-905
-805
-668
-520
-364
-204
-41
119
272
419
555
672
776
859
919
955
995
1.01e+03
960
887
788
663
520
363
192
15
-161
-340
-508
-664
-808
-932
-1.01e+03
-1.12e+03
-1.19e+03
-1.23e+03
-1.25e+03
-1.25e+03
-1.24e+03
-1.21e+03
-1.18e+03
-1.13e+03
-1.08e+03
-1.02e+03
-972
-920
-876
-833
-772
-777
-764
-760
-760
-768
-780
-801
-821
-845
-872
-893
-916
-932
-945
-956
-929
-901
-901
-904
-904
-904
-901
-904
-904
-901
-901
-901
-904
-904
-904
-904
-872
-901
-904
-905
-904
-904
-901
-901
-901
-901
-904
-904
-904
-904
-904
-904
-873
-901
-904
-904
-904
-904
-904
-904
-904
-901
-901
-901
-904
-905
-901
-904
-932
-956
-948
-932
-913
-893
-869
-845
-824
-801
-784
-768
-757
-757
-765
-777
-769
-833
-873
-920
-972
-1.02e+03
-1.08e+03
-1.13e+03
-1.18e+03
-1.21e+03
-1.24e+03
-1.25e+03
-1.25e+03
-1.23e+03
-1.19e+03
-1.12e+03
-1.01e+03
-932
-805
-665
-505
-340
-164
15
192
363
523
663
788
887
960
1.01e+03
995
955
916
859
776
675
552
419
272
119
-44
-204
-361
-520
-668
-808
-964
-1.1e+03
-1.2e+03
-1.28e+03
-1.33e+03
-1.37e+03
-1.38e+03
-1.38e+03
-1.37e+03
-1.34e+03
-1.29e+03
-1.24e+03
-1.17e+03
-1.1e+03
-1.02e+03
-928
-805
-737
-637
-537
-432
-325
-217
-109
-1
108
216
323
431
532
636
735
800
924
1.02e+03
1.1e+03
1.17e+03
1.24e+03
1.3e+03
1.34e+03
1.37e+03
1.38e+03
1.38e+03
1.36e+03
1.33e+03
1.27e+03
1.2e+03
1.1e+03
963
804
664
516
360
203
39
-117
-273
-420
-556
-676
-777
-860
-920
-956
-996
-1.01e+03
-964
-888
-789
-665
-524
-364
-196
-20
159
339
507
663
803
928
1.06e+03
1.17e+03
1.23e+03
1.26e+03
1.26e+03
1.24e+03
1.2e+03
1.16e+03
1.1e+03
1.02e+03
955
887
827
772
732
708
727
763
776
800
839
879
923
968
1.01e+03
1.05e+03
1.08e+03
1.1e+03
1.12e+03
1.11e+03
1.09e+03
1.05e+03
1.02e+03
915
820
708
584
451
304
155
0
-156
-305
-452
-585
-709
-820
-916
-964
-997
-1.05e+03
-1.08e+03
-1.11e+03
-1.12e+03
-1.12e+03
-1.11e+03
-1.1e+03
-1.07e+03
-1.05e+03
-1.02e+03
-984
-949
-920
-888
-832
-780
-764
-760
-760
-768
-781
-800
-824
-845
-869
-893
-913
-933
-945
-953
-932
-904
-901
-905
-904
-904
-904
-901
-901
-904
-901
-904
-904
-904
-904
-901
-872
-901
-901
-904
-901
-904
-904
-901
-904
-904
-904
-904
-904
-904
-904
-904
-872
-904
-904
-904
-904
-904
-904
-901
-901
-904
-904
-904
-904
-904
-904
-904
-872
-904
-904
-901
-901
-904
-904
-901
-901
-904
-901
-904
-904
-904
-901
-901
-872
-901
-904
-904
-904
-904
-901
-901
-904
-904
-904
-904
-904
-904
-904
-904
-929
-953
-945
-933
-916
-893
-872
-848
-824
-800
-780
-768
-760
-757
-765
-780
-772
-833
-876
-920
-972
-1.02e+03
-1.08e+03
-1.13e+03
-1.17e+03
-1.21e+03
-1.24e+03
-1.25e+03
-1.25e+03
-1.23e+03
-1.19e+03
-1.12e+03
-1.06e+03
-984
-849
-693
-517
-329
-132
72
272
464
643
799
931
1.03e+03
1.1e+03
1.13e+03
1.15e+03
1.08e+03
991
871
719
543
347
136
-81
-296
-501
-689
-856
-989
-1.09e+03
-1.15e+03
-1.2e+03
-1.2e+03
-1.13e+03
-1.02e+03
-864
-680
-468
-240
0
236
464
676
863
1.02e+03
1.13e+03
1.2e+03
1.2e+03
1.15e+03
1.09e+03
987
852
687
499
295
79
-140
-348
-545
-721
-872
-993
-1.08e+03
-1.16e+03
-1.13e+03
-1.1e+03
-1.03e+03
-932
-801
-644
-468
-276
-73
127
327
516
692
848
983
1.06e+03
1.12e+03
1.18e+03
1.22e+03
1.25e+03
1.25e+03
1.24e+03
1.21e+03
1.18e+03
1.13e+03
1.08e+03
1.02e+03
968
919
872
832
767
776
763
755
756
764
779
799
820
844
868
892
912
931
944
952
987
952
944
931
915
891
868
844
819
799
780
767
756
756
763
776
827
887
915
948
980
1.02e+03
1.04e+03
1.07e+03
1.09e+03
1.11e+03
1.12e+03
1.12e+03
1.1e+03
1.08e+03
1.04e+03
995
963
912
816
708
584
451
303
152
-1
-156
-305
-452
-585
-712
-821
-916
-961
-996
-1.05e+03
-1.08e+03
-1.11e+03
-1.12e+03
-1.12e+03
-1.11e+03
-1.1e+03
-1.07e+03
-1.05e+03
-1.02e+03
-984
-949
-916
-884
-888
-832
-808
-785
-772
-757
-749
-744
-741
-744
-749
-757
-769
-789
-808
-832
-829
-833
-873
-920
-972
-1.02e+03
-1.08e+03
-1.13e+03
-1.18e+03
-1.21e+03
-1.24e+03
-1.25e+03
-1.25e+03
-1.23e+03
-1.18e+03
-1.12e+03
-1.01e+03
-929
-805
-664
-508
-340
-164
15
192
363
523
664
787
887
960
1.01e+03
995
955
919
856
776
675
552
419
271
119
-41
-205
-364
-520
-668
-805
-964
-1.11e+03
-1.2e+03
-1.27e+03
-1.33e+03
-1.37e+03
-1.38e+03
-1.39e+03
-1.37e+03
-1.34e+03
-1.3e+03
-1.24e+03
-1.18e+03
-1.1e+03
-1.02e+03
-928
-861
-792
-681
-564
-441
-317
-184
-53
79
211
336
459
572
679
775
860
900
995
1.04e+03
1.08e+03
1.1e+03
1.12e+03
1.12e+03
1.11e+03
1.09e+03
1.07e+03
1.04e+03
1.02e+03
980
947
915
884
887
831
803
784
768
755
747
743
740
743
747
755
768
784
803
831
827
832
872
919
968
1.02e+03
1.08e+03
1.13e+03
1.18e+03
1.21e+03
1.24e+03
1.25e+03
1.25e+03
1.22e+03
1.18e+03
1.12e+03
1e+03
928
803
663
507
339
159
-20
-196
-364
-524
-665
-789
-888
-964
-1.01e+03
-996
-956
-920
-860
-777
-676
-556
-420
-273
-117
39
203
360
516
664
804
903
1.05e+03
1.15e+03
1.24e+03
1.32e+03
1.37e+03
1.41e+03
1.44e+03
1.45e+03
1.44e+03
1.42e+03
1.37e+03
1.32e+03
1.24e+03
1.15e+03
1.05e+03
903
804
667
516
360
200
40
-120
-276
-420
-556
-677
-780
-860
-920
-956
-996
-1.01e+03
-961
-889
-789
-668
-524
-365
-193
-17
163
336
504
663
804
928
1e+03
1.12e+03
1.18e+03
1.23e+03
1.25e+03
1.25e+03
1.24e+03
1.21e+03
1.17e+03
1.13e+03
1.08e+03
1.02e+03
971
919
871
832
827
828
807
787
771
756
747
743
740
743
748
756
768
787
804
831
887
887
915
947
980
1.01e+03
1.04e+03
1.07e+03
1.1e+03
1.11e+03
1.12e+03
1.12e+03
1.1e+03
1.08e+03
1.04e+03
995
900
860
776
676
572
459
336
208
79
-53
-185
-313
-441
-564
-681
-789
-921
-980
-1.06e+03
-1.13e+03
-1.18e+03
-1.23e+03
-1.26e+03
-1.28e+03
-1.29e+03
-1.28e+03
-1.26e+03
-1.23e+03
-1.19e+03
-1.13e+03
-1.06e+03
-980
-861
-736
-637
-537
-432
-324
-217
-108
-1
107
216
323
431
532
636
736
860
979
1.06e+03
1.13e+03
1.18e+03
1.23e+03
1.26e+03
1.28e+03
1.29e+03
1.28e+03
1.26e+03
1.23e+03
1.18e+03
1.12e+03
1.06e+03
979
919
791
679
564
440
312
183
51
-80
-212
-337
-460
-576
-681
-777
-861
-964
-1.05e+03
-1.09e+03
-1.11e+03
-1.12e+03
-1.11e+03
-1.09e+03
-1.06e+03
-1.02e+03
-969
-925
-880
-837
-804
-777
-764
-788
-761
-777
-804
-837
-880
-925
-969
-1.02e+03
-1.06e+03
-1.09e+03
-1.11e+03
-1.12e+03
-1.11e+03
-1.09e+03
-1.05e+03
-964
-861
-776
-681
-576
-460
-340
-212
-81
51
184
312
440
563
679
788
920
979
1.06e+03
1.13e+03
1.18e+03
1.23e+03
1.26e+03
1.28e+03
1.29e+03
1.28e+03
1.26e+03
1.23e+03
1.18e+03
1.13e+03
1.06e+03
979
860
736
636
535
431
323
216
107
0
-108
-220
-325
-432
-537
-640
-737
-804
-928
-1.02e+03
-1.1e+03
-1.18e+03
-1.24e+03
-1.3e+03
-1.34e+03
-1.37e+03
-1.39e+03
-1.38e+03
-1.36e+03
-1.33e+03
-1.27e+03
-1.2e+03
-1.11e+03
-964
-808
-668
-517
-361
-204
-41
119
272
419
555
675
775
859
919
955
992
1.01e+03
960
888
787
663
520
363
192
15
-164
-340
-508
-664
-808
-932
-1e+03
-1.12e+03
-1.19e+03
-1.23e+03
-1.25e+03
-1.26e+03
-1.24e+03
-1.21e+03
-1.18e+03
-1.13e+03
-1.08e+03
-1.03e+03
-972
-921
-873
-833
-769
-780
-764
-757
-760
-769
-781
-801
-821
-845
-872
-893
-916
-933
-945
-956
-929
-901
-904
-905
-904
-901
-904
-901
-901
-901
-904
-901
-904
-904
-904
-901
-929
-956
-945
-933
-916
-893
-869
-845
-824
-800
-781
-768
-760
-757
-764
-780
-772
-833
-876
-921
-969
-1.03e+03
-1.08e+03
-1.13e+03
-1.18e+03
-1.21e+03
-1.24e+03
-1.25e+03
-1.25e+03
-1.23e+03
-1.19e+03
-1.12e+03
-1.01e+03
-929
-805
-664
-508
-340
-161
15
192
360
520
663
788
887
963
1.01e+03
1.05e+03
1.01e+03
963
887
787
664
520
363
192
15
-161
-340
-508
-664
-808
-929
-1e+03
-1.12e+03
-1.18e+03
-1.23e+03
-1.25e+03
-1.25e+03
-1.24e+03
-1.21e+03
-1.18e+03
-1.13e+03
-1.08e+03
-1.02e+03
-972
-920
-873
-833
-772
-777
-765
-760
-760
-769
-784
-800
-821
-844
-869
-896
-913
-932
-948
-956
-992
-956
-948
-932
-913
-892
-869
-845
-821
-801
-781
-768
-760
-757
-764
-777
-829
-888
-917
-949
-981
-1.01e+03
-1.05e+03
-1.07e+03
-1.1e+03
-1.11e+03
-1.12e+03
-1.12e+03
-1.11e+03
-1.08e+03
-1.05e+03
-997
-964
-916
-820
-712
-588
-449
-305
-156
-1
152
304
448
584
708
819
912
1.02e+03
1.05e+03
1.09e+03
1.11e+03
1.12e+03
1.11e+03
1.08e+03
1.05e+03
1.01e+03
968
923
879
836
803
776
760
787
759
776
800
836
876
923
971
1.01e+03
1.05e+03
1.08e+03
1.11e+03
1.12e+03
1.11e+03
1.09e+03
1.05e+03
1.02e+03
912
819
708
583
448
304
152
0
-156
-305
-452
-585
-709
-820
-913
-964
-996
-1.05e+03
-1.08e+03
-1.11e+03
-1.12e+03
-1.12e+03
-1.11e+03
-1.1e+03
-1.08e+03
-1.05e+03
-1.02e+03
-981
-949
-917
-888
-829
-777
-764
-757
-760
-768
-781
-800
-824
-845
-872
-892
-916
-932
-945
-956
-929
-904
-901
-904
-904
-904
-904
-904
-901
-901
-901
-904
-904
-904
-901
-901
-932
-956
-945
-932
-913
-893
-872
-848
-824
-801
-781
-768
-760
-757
-765
-777
-829
-888
-917
-949
-981
-1.02e+03
-1.05e+03
-1.07e+03
-1.1e+03
-1.11e+03
-1.12e+03
-1.12e+03
-1.11e+03
-1.08e+03
-1.05e+03
-996
-904
-861
-777
-681
-573
-461
-340
-212
-81
52
183
315
440
563
680
788
860
927
1.02e+03
1.1e+03
1.17e+03
1.24e+03
1.29e+03
1.34e+03
1.36e+03
1.38e+03
1.38e+03
1.36e+03
1.33e+03
1.27e+03
1.2e+03
1.1e+03
960
804
667
519
363
203
40
-121
-276
-421
-556
-676
-777
-860
-920
-956
-937
-957
-920
-860
-780
-677
-556
-421
-273
-120
40
203
360
516
667
803
963
1.1e+03
1.2e+03
1.27e+03
1.33e+03
1.36e+03
1.38e+03
1.38e+03
1.37e+03
1.34e+03
1.3e+03
1.24e+03
1.17e+03
1.1e+03
1.02e+03
927
800
736
636
535
431
323
215
108
0
-109
-220
-324
-432
-533
-637
-737
-804
-928
-1.02e+03
-1.1e+03
-1.17e+03
-1.24e+03
-1.29e+03
-1.34e+03
-1.37e+03
-1.38e+03
-1.38e+03
-1.37e+03
-1.33e+03
-1.27e+03
-1.2e+03
-1.1e+03
-1.02e+03
-861
-709
-548
-376
-193
-9
175
352
520
675
808
920
1e+03
1.06e+03
1.08e+03
1.1e+03
1.08e+03
991
868
719
543
347
136
-81
-296
-500
-689
-853
-988
-1.09e+03
-1.15e+03
-1.2e+03
-1.2e+03
-1.13e+03
-1.02e+03
-868
-680
-468
-237
-1
239
467
679
863
1.02e+03
1.13e+03
1.2e+03
1.2e+03
1.15e+03
1.09e+03
987
851
688
499
292
79
-140
-348
-544
-721
-872
-992
-1.08e+03
-1.16e+03
-1.13e+03
-1.1e+03
-1.03e+03
-933
-801
-641
-468
-273
-73
128
327
516
692
847
980
1.12e+03
1.17e+03
1.23e+03
1.26e+03
1.26e+03
1.24e+03
1.2e+03
1.16e+03
1.1e+03
1.03e+03
955
888
827
772
735
708
727
760
776
803
836
876
923
971
1.02e+03
1.05e+03
1.08e+03
1.11e+03
1.12e+03
1.11e+03
1.09e+03
1.05e+03
960
860
775
680
575
456
336
211
80
-52
-185
-316
-441
-564
-681
-792
-921
-980
-1.06e+03
-1.13e+03
-1.19e+03
-1.23e+03
-1.26e+03
-1.28e+03
-1.29e+03
-1.28e+03
-1.26e+03
-1.23e+03
-1.19e+03
-1.13e+03
-1.06e+03
-981
-921
-789
-681
-564
-444
-316
-185
-53
80
211
339
459
572
680
775
860
963
1.05e+03
1.09e+03
1.11e+03
1.12e+03
1.11e+03
1.08e+03
1.05e+03
1.01e+03
968
923
876
836
803
775
760
727
708
732
772
827
887
956
1.02e+03
1.09e+03
1.16e+03
1.21e+03
1.24e+03
1.26e+03
1.26e+03
1.23e+03
1.17e+03
1.06e+03
928
804
663
504
336
160
-17
-193
-365
-524
-668
-789
-888
-964
-1.01e+03
-996
-956
-920
-861
-776
-676
-556
-421
-276
-120
39
200
363
516
664
804
903
1.05e+03
1.16e+03
1.24e+03
1.32e+03
1.37e+03
1.41e+03
1.44e+03
1.45e+03
1.44e+03
1.42e+03
1.37e+03
1.32e+03
1.24e+03
1.16e+03
1.05e+03
903
804
664
516
363
200
40
-120
-273
-420
-556
-673
-777
-860
-921
-957
-996
-1.01e+03
-961
-889
-789
-665
-524
-365
-193
-16
163
339
504
664
804
928
1e+03
1.12e+03
1.18e+03
1.22e+03
1.25e+03
1.25e+03
1.24e+03
1.21e+03
1.18e+03
1.13e+03
1.08e+03
1.02e+03
968
919
872
832
827
831
803
784
768
755
747
743
740
743
747
755
768
784
803
831
828
831
872
916
968
1.02e+03
1.08e+03
1.13e+03
1.17e+03
1.21e+03
1.24e+03
1.25e+03
1.25e+03
1.22e+03
1.18e+03
1.12e+03
1e+03
928
804
663
507
336
160
-17
-193
-364
-524
-665
-789
-888
-961
-1.01e+03
-996
-956
-920
-860
-777
-676
-553
-421
-276
-120
43
200
363
516
664
804
903
1.05e+03
1.16e+03
1.24e+03
1.32e+03
1.37e+03
1.42e+03
1.44e+03
1.45e+03
1.44e+03
1.41e+03
1.37e+03
1.32e+03
1.24e+03
1.15e+03
1.05e+03
903
803
667
516
363
200
39
-117
-276
-420
-556
-673
-777
-860
-921
-956
-997
-1.01e+03
-964
-888
-789
-665
-524
-365
-193
-17
159
336
504
663
804
928
1e+03
1.12e+03
1.18e+03
1.23e+03
1.25e+03
1.25e+03
1.24e+03
1.21e+03
1.18e+03
1.13e+03
1.08e+03
1.02e+03
971
919
871
832
768
775
763
756
759
764
780
799
820
844
868
891
912
931
943
955
988
955
947
931
912
892
868
844
820
799
779
767
756
755
763
776
768
831
872
919
971
1.02e+03
1.08e+03
1.13e+03
1.18e+03
1.21e+03
1.24e+03
1.25e+03
1.25e+03
1.23e+03
1.18e+03
1.12e+03
1e+03
928
804
663
504
339
160
-16
-196
-365
-521
-664
-789
-888
-964
-1.01e+03
-1.06e+03
-1.01e+03
-964
-889
-789
-668
-524
-364
-193
-17
159
336
504
660
803
928
1.06e+03
1.17e+03
1.23e+03
1.26e+03
1.26e+03
1.24e+03
1.21e+03
1.16e+03
1.1e+03
1.03e+03
956
887
824
775
735
707
727
760
776
800
836
879
924
968
1.01e+03
1.06e+03
1.09e+03
1.11e+03
1.12e+03
1.11e+03
1.09e+03
1.05e+03
1.02e+03
915
820
708
584
451
304
155
0
-156
-305
-452
-585
-709
-820
-916
-1.02e+03
-1.05e+03
-1.09e+03
-1.11e+03
-1.12e+03
-1.11e+03
-1.09e+03
-1.05e+03
-1.02e+03
-972
-925
-880
-840
-805
-777
-761
-788
-764
-780
-805
-840
-877
-924
-969
-1.02e+03
-1.05e+03
-1.09e+03
-1.11e+03
-1.12e+03
-1.11e+03
-1.09e+03
-1.05e+03
-1.02e+03
-916
-820
-709
-585
-452
-305
-156
0
155
304
451
584
708
819
915
1.02e+03
1.05e+03
1.09e+03
1.11e+03
1.12e+03
1.11e+03
1.08e+03
1.05e+03
1.01e+03
968
923
876
836
803
776
763
787
760
776
803
836
879
923
968
1.02e+03
1.06e+03
1.08e+03
1.11e+03
1.12e+03
1.11e+03
1.09e+03
1.05e+03
1.02e+03
912
819
708
584
448
304
152
0
-156
-305
-449
-585
-709
-821
-916
-964
-996
-1.05e+03
-1.08e+03
-1.11e+03
-1.12e+03
-1.12e+03
-1.11e+03
-1.1e+03
-1.07e+03
-1.05e+03
-1.02e+03
-984
-948
-916
-888
-888
-832
-808
-788
-772
-757
-752
-744
-741
-744
-752
-757
-772
-788
-808
-832
-888
-888
-916
-948
-984
-1.02e+03
-1.05e+03
-1.07e+03
-1.1e+03
-1.11e+03
-1.12e+03
-1.12e+03
-1.11e+03
-1.08e+03
-1.05e+03
-996
-904
-861
-776
-681
-576
-461
-337
-212
-81
52
183
312
440
563
679
788
920
979
1.06e+03
1.13e+03
1.18e+03
1.23e+03
1.26e+03
1.28e+03
1.29e+03
1.28e+03
1.26e+03
1.23e+03
1.18e+03
1.13e+03
1.06e+03
979
860
736
636
535
431
323
216
108
0
-109
-216
-324
-432
-536
-637
-740
-861
-981
-1.06e+03
-1.13e+03
-1.19e+03
-1.23e+03
-1.26e+03
-1.28e+03
-1.29e+03
-1.28e+03
-1.26e+03
-1.23e+03
-1.18e+03
-1.13e+03
-1.06e+03
-981
-864
-737
-637
-536
-432
-324
-220
-109
-1
107
215
323
428
535
636
732
803
927
1.02e+03
1.1e+03
1.17e+03
1.24e+03
1.29e+03
1.34e+03
1.37e+03
1.38e+03
1.38e+03
1.36e+03
1.33e+03
1.27e+03
1.2e+03
1.1e+03
960
804
667
519
360
200
40
-120
-276
-421
-556
-676
-780
-860
-920
-956
-996
-1.01e+03
-964
-888
-788
-668
-524
-365
-193
-17
163
336
504
660
804
928
1e+03
1.12e+03
1.18e+03
1.23e+03
1.25e+03
1.25e+03
1.24e+03
1.21e+03
1.17e+03
1.13e+03
1.08e+03
1.02e+03
968
919
872
832
828
831
804
784
768
756
748
740
740
740
748
756
768
784
804
831
828
831
872
919
968
1.02e+03
1.08e+03
1.13e+03
1.17e+03
1.21e+03
1.24e+03
1.25e+03
1.25e+03
1.23e+03
1.18e+03
1.12e+03
1e+03
931
804
660
504
339
160
-17
-196
-364
-524
-665
-789
-889
-961
-1.01e+03
-1.06e+03
-1.01e+03
-961
-889
-789
-665
-524
-364
-196
-17
160
339
504
660
804
931
1e+03
1.12e+03
1.18e+03
1.23e+03
1.25e+03
1.25e+03
1.24e+03
1.21e+03
1.17e+03
1.13e+03
1.08e+03
1.02e+03
968
919
872
831
828
828
804
784
768
756
747
743
740
740
747
756
768
784
807
828
887
884
915
947
980
1.01e+03
1.04e+03
1.07e+03
1.1e+03
1.11e+03
1.12e+03
1.12e+03
1.1e+03
1.08e+03
1.04e+03
995
903
859
775
679
572
459
336
211
79
-53
-184
-316
-441
-564
-684
-789
-864
-928
-1.02e+03
-1.1e+03
-1.18e+03
-1.24e+03
-1.29e+03
-1.34e+03
-1.37e+03
-1.38e+03
-1.38e+03
-1.37e+03
-1.33e+03
-1.27e+03
-1.2e+03
-1.11e+03
-1.02e+03
-860
-709
-548
-373
-192
-9
172
352
520
676
811
920
1e+03
1.06e+03
1.08e+03
1.04e+03
1.02e+03
948
840
708
552
376
191
0
-193
-380
-556
-709
-841
-949
-1.03e+03
-1.1e+03
-1.13e+03
-1.1e+03
-1.04e+03
-933
-801
-644
-465
-273
-73
128
328
515
691
848
980
1.12e+03
1.17e+03
1.23e+03
1.26e+03
1.26e+03
1.24e+03
1.21e+03
1.16e+03
1.1e+03
1.03e+03
956
887
824
772
732
708
728
760
775
803
839
879
924
971
1.02e+03
1.05e+03
1.08e+03
1.11e+03
1.12e+03
1.11e+03
1.09e+03
1.05e+03
963
860
775
680
572
460
336
211
79
-53
-185
-316
-441
-564
-680
-792
-864
-929
-1.02e+03
-1.1e+03
-1.17e+03
-1.24e+03
-1.29e+03
-1.34e+03
-1.37e+03
-1.38e+03
-1.38e+03
-1.37e+03
-1.33e+03
-1.28e+03
-1.2e+03
-1.11e+03
-1.02e+03
-860
-709
-548
-376
-193
-9
175
351
520
675
808
920
1e+03
1.06e+03
1.08e+03
1.1e+03
1.08e+03
988
871
720
540
344
135
-81
-296
-501
-689
-856
-989
-1.09e+03
-1.15e+03
-1.2e+03
-1.2e+03
-1.13e+03
-1.02e+03
-864
-680
-469
-240
0
236
467
679
863
1.02e+03
1.13e+03
1.2e+03
1.26e+03
1.2e+03
1.13e+03
1.02e+03
863
679
467
236
0
-240
-469
-680
-864
-1.02e+03
-1.13e+03
-1.2e+03
-1.2e+03
-1.15e+03
-1.09e+03
-989
-856
-689
-501
-296
-81
135
344
540
720
871
988
1.08e+03
1.1e+03
1.08e+03
1.06e+03
1e+03
920
808
672
520
352
172
-9
-193
-376
-548
-709
-860
-964
-1.05e+03
-1.16e+03
-1.24e+03
-1.32e+03
-1.37e+03
-1.42e+03
-1.44e+03
-1.45e+03
-1.44e+03
-1.42e+03
-1.37e+03
-1.32e+03
-1.24e+03
-1.16e+03
-1.05e+03
-964
-860
-712
-548
-376
-193
-9
175
351
520
672
808
920
1e+03
1.06e+03
1.08e+03
1.04e+03
1.02e+03
947
843
708
552
376
192
-1
-193
-380
-553
-709
-844
-948
-1.03e+03
-1.04e+03
-1.08e+03
-1.06e+03
-1.01e+03
-921
-809
-676
-524
-353
-177
7
191
372
547
708
856
1.02e+03
1.1e+03
1.2e+03
1.27e+03
1.33e+03
1.36e+03
1.38e+03
1.38e+03
1.37e+03
1.34e+03
1.29e+03
1.24e+03
1.17e+03
1.1e+03
1.02e+03
927
803
736
636
535
428
324
216
107
0
-108
-217
-325
-432
-536
-637
-737
-861
-981
-1.06e+03
-1.13e+03
-1.19e+03
-1.23e+03
-1.26e+03
-1.28e+03
-1.29e+03
-1.28e+03
-1.26e+03
-1.23e+03
-1.19e+03
-1.13e+03
-1.06e+03
-981
-920
-792
-681
-565
-444
-313
-185
-52
80
211
339
459
575
679
775
860
900
995
1.04e+03
1.08e+03
1.1e+03
1.12e+03
1.12e+03
1.11e+03
1.1e+03
1.07e+03
1.05e+03
1.01e+03
980
947
912
884
887
828
807
784
768
756
747
740
740
743
747
756
768
784
804
828
831
831
871
916
968
1.02e+03
1.08e+03
1.13e+03
1.17e+03
1.21e+03
1.24e+03
1.25e+03
1.25e+03
1.22e+03
1.18e+03
1.12e+03
1e+03
928
804
663
507
339
160
-16
-193
-364
-524
-665
-788
-888
-961
-1.01e+03
-1.06e+03
-1.01e+03
-961
-888
-789
-665
-524
-365
-193
-16
163
336
504
663
804
928
1e+03
1.12e+03
1.18e+03
1.23e+03
1.25e+03
1.25e+03
1.24e+03
1.21e+03
1.17e+03
1.13e+03
1.08e+03
1.02e+03
971
916
872
831
768
776
763
756
759
767
780
799
820
843
868
892
912
931
944
952
987
955
944
931
912
891
868
843
820
799
779
767
756
756
763
776
768
831
872
919
971
1.02e+03
1.08e+03
1.13e+03
1.18e+03
1.21e+03
1.24e+03
1.25e+03
1.25e+03
1.23e+03
1.18e+03
1.12e+03
1.06e+03
980
847
692
515
328
128
-73
-273
-468
-644
-801
-933
-1.04e+03
-1.1e+03
-1.13e+03
-1.1e+03
-1.02e+03
-949
-841
-709
-553
-380
-193
0
192
379
551
708
843
948
1.02e+03
1.04e+03
1.08e+03
1.06e+03
1e+03
919
811
675
520
351
172
-12
-193
-373
-548
-709
-860
-964
-1.05e+03
-1.16e+03
-1.25e+03
-1.32e+03
-1.38e+03
-1.42e+03
-1.44e+03
-1.45e+03
-1.44e+03
-1.41e+03
-1.37e+03
-1.32e+03
-1.24e+03
-1.16e+03
-1.05e+03
-964
-857
-709
-548
-373
-192
-9
175
351
523
675
807
919
1e+03
1.06e+03
1.08e+03
1.1e+03
1.08e+03
988
868
720
543
347
136
-81
-297
-501
-689
-853
-988
-1.09e+03
-1.15e+03
-1.14e+03
-1.15e+03
-1.09e+03
-988
-853
-689
-501
-296
-81
136
344
540
720
871
991
1.08e+03
1.15e+03
1.13e+03
1.1e+03
1.03e+03
931
800
643
464
272
71
-132
-329
-520
-693
-849
-984
-1.12e+03
-1.17e+03
-1.23e+03
-1.26e+03
-1.26e+03
-1.24e+03
-1.21e+03
-1.16e+03
-1.1e+03
-1.03e+03
-956
-889
-828
-773
-736
-709
-729
-765
-777
-804
-837
-880
-925
-972
-1.02e+03
-1.06e+03
-1.09e+03
-1.11e+03
-1.12e+03
-1.11e+03
-1.09e+03
-1.05e+03
-1.02e+03
-913
-821
-712
-585
-449
-305
-153
0
152
304
448
584
708
819
911
960
995
1.04e+03
1.08e+03
1.1e+03
1.12e+03
1.12e+03
1.11e+03
1.09e+03
1.07e+03
1.04e+03
1.01e+03
979
947
916
887
827
776
763
756
756
767
779
799
820
844
868
892
915
931
944
955
928
900
903
900
903
903
900
899
899
899
903
900
903
900
900
900
868
900
900
900
903
903
900
900
899
900
900
903
900
903
903
903
928
955
944
931
912
891
868
847
820
799
780
767
756
756
763
776
768
832
872
919
968
1.02e+03
1.08e+03
1.13e+03
1.17e+03
1.21e+03
1.24e+03
1.25e+03
1.25e+03
1.23e+03
1.18e+03
1.12e+03
1e+03
928
804
664
507
339
160
-16
-193
-365
-521
-665
-789
-889
-964
-1.01e+03
-997
-956
-920
-860
-777
-676
-556
-421
-276
-120
39
203
360
519
664
803
960
1.1e+03
1.2e+03
1.27e+03
1.33e+03
1.36e+03
1.38e+03
1.38e+03
1.37e+03
1.34e+03
1.29e+03
1.24e+03
1.17e+03
1.1e+03
1.02e+03
927
800
735
636
532
431
323
216
108
0
-112
-217
-325
-429
-536
-637
-737
-804
-928
-1.02e+03
-1.1e+03
-1.18e+03
-1.24e+03
-1.3e+03
-1.34e+03
-1.37e+03
-1.39e+03
-1.38e+03
-1.37e+03
-1.33e+03
-1.27e+03
-1.2e+03
-1.11e+03
-1.02e+03
-861
-709
-548
-376
-193
-12
175
351
520
675
808
920
1e+03
1.06e+03
1.08e+03
1.1e+03
1.08e+03
991
868
716
543
347
135
-81
-297
-501
-688
-852
-988
-1.09e+03
-1.15e+03
-1.14e+03
-1.15e+03
-1.09e+03
-988
-853
-689
-501
-296
-81
136
347
544
719
871
991
1.08e+03
1.15e+03
1.13e+03
1.1e+03
1.03e+03
931
799
643
464
272
72
-132
-329
-520
-692
-849
-984
-1.12e+03
-1.17e+03
-1.23e+03
-1.26e+03
-1.26e+03
-1.24e+03
-1.21e+03
-1.16e+03
-1.1e+03
-1.03e+03
-957
-888
-828
-776
-736
-712
-669
-709
-736
-776
-828
-889
-957
-1.03e+03
-1.1e+03
-1.16e+03
-1.21e+03
-1.24e+03
-1.26e+03
-1.26e+03
-1.23e+03
-1.17e+03
-1.12e+03
-984
-849
-693
-520
-332
-129
72
272
464
643
796
931
1.03e+03
1.1e+03
1.13e+03
1.16e+03
1.08e+03
991
868
720
543
347
136
-81
-293
-501
-689
-853
-989
-1.09e+03
-1.15e+03
-1.2e+03
-1.2e+03
-1.13e+03
-1.02e+03
-868
-680
-468
-237
-1
239
467
679
863
1.02e+03
1.13e+03
1.2e+03
1.2e+03
1.15e+03
1.09e+03
987
851
688
499
292
79
-140
-348
-544
-721
-872
-992
-1.08e+03
-1.1e+03
-1.08e+03
-1.06e+03
-1.01e+03
-921
-812
-676
-524
-356
-177
8
192
371
547
708
856
963
1.05e+03
1.16e+03
1.24e+03
1.32e+03
1.37e+03
1.41e+03
1.44e+03
1.45e+03
1.44e+03
1.42e+03
1.37e+03
1.32e+03
1.24e+03
1.16e+03
1.05e+03
903
804
664
516
363
203
40
-120
-276
-420
-553
-676
-777
-861
-920
-956
-936
-956
-920
-860
-780
-676
-556
-420
-276
-120
40
200
363
516
667
804
960
1.1e+03
1.2e+03
1.27e+03
1.33e+03
1.36e+03
1.38e+03
1.38e+03
1.37e+03
1.34e+03
1.3e+03
1.24e+03
1.17e+03
1.1e+03
1.02e+03
927
863
788
679
563
440
315
183
51
-81
-213
-337
-460
-576
-680
-777
-864
-904
-997
-1.05e+03
-1.08e+03
-1.11e+03
-1.12e+03
-1.12e+03
-1.11e+03
-1.1e+03
-1.07e+03
-1.05e+03
-1.02e+03
-981
-948
-917
-885
-829
-780
-764
-757
-761
-769
-784
-800
-821
-845
-869
-896
-913
-933
-948
-956
-989
-956
-948
-932
-913
-893
-872
-848
-821
-801
-781
-769
-760
-757
-764
-777
-832
-885
-917
-952
-984
-1.02e+03
-1.05e+03
-1.07e+03
-1.1e+03
-1.11e+03
-1.12e+03
-1.12e+03
-1.11e+03
-1.08e+03
-1.05e+03
-997
-904
-860
-777
-680
-576
-461
-340
-213
-81
51
184
315
440
563
680
788
919
979
1.06e+03
1.13e+03
1.18e+03
1.23e+03
1.26e+03
1.28e+03
1.29e+03
1.28e+03
1.26e+03
1.23e+03
1.18e+03
1.12e+03
1.06e+03
980
860
736
636
535
431
323
216
107
0
-108
-217
-324
-432
-536
-640
-737
-804
-925
-1.02e+03
-1.1e+03
-1.17e+03
-1.24e+03
-1.3e+03
-1.34e+03
-1.37e+03
-1.38e+03
-1.38e+03
-1.37e+03
-1.33e+03
-1.27e+03
-1.2e+03
-1.11e+03
-961
-805
-668
-520
-364
-204
-41
119
271
419
555
675
775
859
919
955
935
952
916
856
776
675
555
419
272
116
-41
-204
-364
-520
-668
-805
-904
-1.05e+03
-1.16e+03
-1.25e+03
-1.32e+03
-1.37e+03
-1.42e+03
-1.44e+03
-1.45e+03
-1.44e+03
-1.42e+03
-1.37e+03
-1.32e+03
-1.25e+03
-1.16e+03
-1.05e+03
-964
-860
-709
-549
-376
-192
-9
172
352
520
675
808
920
1e+03
1.06e+03
1.08e+03
1.1e+03
1.08e+03
991
871
720
544
347
136
-81
-296
-501
-689
-856
-988
-1.09e+03
-1.15e+03
-1.14e+03
-1.15e+03
-1.09e+03
-988
-856
-689
-501
-296
-81
136
347
544
720
871
991
1.08e+03
1.1e+03
1.08e+03
1.06e+03
1e+03
920
811
675
523
355
172
-12
-193
-376
-548
-709
-857
-964
-1.05e+03
-1.16e+03
-1.25e+03
-1.32e+03
-1.38e+03
-1.42e+03
-1.44e+03
-1.45e+03
-1.44e+03
-1.42e+03
-1.38e+03
-1.32e+03
-1.24e+03
-1.16e+03
-1.05e+03
-964
-857
-709
-548
-373
-192
-9
175
351
523
675
807
919
1e+03
1.06e+03
1.08e+03
1.1e+03
1.08e+03
988
868
720
543
347
136
-81
-297
-501
-689
-853
-988
-1.09e+03
-1.15e+03
-1.2e+03
-1.2e+03
-1.13e+03
-1.02e+03
-865
-680
-469
-240
-1
239
467
676
864
1.02e+03
1.13e+03
1.2e+03
1.2e+03
1.15e+03
1.09e+03
987
852
688
499
295
80
-137
-345
-545
-721
-872
-992
-1.08e+03
-1.16e+03
-1.13e+03
-1.1e+03
-1.04e+03
-933
-801
-644
-465
-273
-76
131
327
516
691
848
983
1.06e+03
1.12e+03
1.18e+03
1.22e+03
1.25e+03
1.25e+03
1.24e+03
1.21e+03
1.18e+03
1.13e+03
1.08e+03
1.02e+03
968
916
872
831
827
828
807
784
771
756
748
743
740
743
748
756
771
784
807
828
828
832
871
919
971
1.02e+03
1.08e+03
1.13e+03
1.17e+03
1.21e+03
1.24e+03
1.25e+03
1.25e+03
1.23e+03
1.18e+03
1.12e+03
1.06e+03
983
848
691
516
327
128
-76
-276
-465
-645
-801
-933
-1.03e+03
-1.1e+03
-1.13e+03
-1.1e+03
-1.03e+03
-948
-844
-709
-553
-380
-193
-1
192
376
552
708
843
947
1.02e+03
1.1e+03
1.13e+03
1.1e+03
1.03e+03
931
800
640
463
271
71
-132
-329
-520
-693
-849
-985
-1.06e+03
-1.12e+03
-1.18e+03
-1.23e+03
-1.25e+03
-1.25e+03
-1.24e+03
-1.21e+03
-1.18e+03
-1.13e+03
-1.08e+03
-1.02e+03
-972
-920
-873
-833
-772
-777
-764
-757
-760
-768
-781
-800
-824
-845
-872
-892
-916
-932
-945
-956
-989
-953
-948
-932
-913
-893
-869
-845
-821
-801
-781
-768
-760
-757
-765
-777
-772
-833
-873
-920
-972
-1.03e+03
-1.08e+03
-1.13e+03
-1.18e+03
-1.22e+03
-1.24e+03
-1.25e+03
-1.25e+03
-1.23e+03
-1.19e+03
-1.12e+03
-1.06e+03
-984
-849
-693
-517
-329
-132
72
272
464
643
799
932
1.03e+03
1.1e+03
1.13e+03
1.1e+03
1.02e+03
947
840
708
552
380
191
-4
-193
-380
-553
-709
-844
-949
-1.02e+03
-1.1e+03
-1.13e+03
-1.1e+03
-1.04e+03
-933
-804
-644
-468
-276
-73
128
328
519
691
847
983
1.06e+03
1.12e+03
1.18e+03
1.23e+03
1.25e+03
1.25e+03
1.24e+03
1.21e+03
1.18e+03
1.13e+03
1.08e+03
1.02e+03
971
919
872
831
827
828
804
787
771
756
748
740
740
743
744
755
768
784
804
828
888
884
916
948
980
1.01e+03
1.04e+03
1.07e+03
1.09e+03
1.11e+03
1.12e+03
1.12e+03
1.1e+03
1.08e+03
1.04e+03
996
903
860
776
680
572
459
335
211
79
-53
-185
-316
-441
-565
-681
-792
-924
-981
-1.06e+03
-1.13e+03
-1.19e+03
-1.23e+03
-1.26e+03
-1.28e+03
-1.29e+03
-1.28e+03
-1.26e+03
-1.23e+03
-1.19e+03
-1.13e+03
-1.06e+03
-981
-920
-792
-681
-564
-441
-317
-184
-53
79
211
336
459
572
679
775
860
900
995
1.04e+03
1.08e+03
1.1e+03
1.12e+03
1.12e+03
1.11e+03
1.09e+03
1.07e+03
1.04e+03
1.02e+03
980
947
915
884
827
776
763
756
756
764
780
799
820
844
867
891
912
931
944
955
928
900
900
900
900
903
900
900
899
900
900
900
903
903
900
900
871
900
900
900
900
900
903
900
900
900
900
900
903
903
900
900
928
955
944
928
912
892
868
844
820
799
780
764
756
756
763
775
827
887
916
947
979
1.01e+03
1.04e+03
1.07e+03
1.09e+03
1.11e+03
1.12e+03
1.12e+03
1.1e+03
1.08e+03
1.04e+03
995
963
912
819
708
584
451
303
151
-1
-153
-305
-449
-585
-709
-821
-913
-964
-997
-1.05e+03
-1.08e+03
-1.11e+03
-1.12e+03
-1.12e+03
-1.11e+03
-1.1e+03
-1.07e+03
-1.05e+03
-1.02e+03
-984
-949
-917
-888
-829
-777
-764
-760
-760
-768
-784
-800
-821
-848
-872
-893
-916
-933
-944
-953
-929
-904
-904
-904
-904
-901
-904
-904
-904
-901
-904
-904
-904
-904
-904
-904
-873
-904
-904
-904
-904
-904
-904
-901
-904
-904
-904
-901
-904
-904
-904
-904
-873
-904
-901
-904
-904
-904
-904
-904
-904
-904
-904
-904
-904
-904
-904
-901
-929
-956
-945
-933
-916
-893
-869
-844
-821
-801
-781
-765
-761
-760
-764
-777
-829
-888
-917
-949
-981
-1.02e+03
-1.05e+03
-1.07e+03
-1.1e+03
-1.11e+03
-1.12e+03
-1.12e+03
-1.11e+03
-1.08e+03
-1.05e+03
-996
-964
-913
-821
-712
-588
-452
-305
-156
-1
155
304
451
584
708
819
911
1.02e+03
1.05e+03
1.09e+03
1.11e+03
1.12e+03
1.11e+03
1.09e+03
1.05e+03
1.01e+03
968
923
876
836
803
775
759
787
759
775
803
836
876
923
968
1.01e+03
1.05e+03
1.09e+03
1.11e+03
1.12e+03
1.11e+03
1.09e+03
1.05e+03
960
860
776
679
572
459
336
211
79
-56
-185
-316
-441
-565
-681
-789
-864
-928
-1.02e+03
-1.1e+03
-1.17e+03
-1.24e+03
-1.3e+03
-1.34e+03
-1.37e+03
-1.38e+03
-1.38e+03
-1.37e+03
-1.33e+03
-1.27e+03
-1.2e+03
-1.11e+03
-1.02e+03
-860
-712
-548
-373
-193
-8
175
351
523
675
808
920
1e+03
1.06e+03
1.08e+03
1.04e+03
1.02e+03
947
843
711
551
379
192
-1
-192
-381
-553
-709
-844
-949
-1.02e+03
-1.1e+03
-1.13e+03
-1.1e+03
-1.04e+03
-933
-801
-644
-464
-273
-73
128
327
516
692
847
983
1.06e+03
1.12e+03
1.18e+03
1.23e+03
1.25e+03
1.25e+03
1.24e+03
1.21e+03
1.17e+03
1.13e+03
1.08e+03
1.02e+03
968
919
872
832
771
776
763
755
756
764
779
799
820
844
868
892
912
931
944
952
928
900
903
900
900
900
900
900
899
900
900
903
900
903
900
900
928
952
944
931
912
892
868
843
820
799
780
764
759
756
760
775
828
884
916
948
980
1.01e+03
1.04e+03
1.07e+03
1.1e+03
1.11e+03
1.12e+03
1.12e+03
1.1e+03
1.08e+03
1.04e+03
995
903
859
775
679
572
459
336
211
79
-53
-184
-316
-441
-564
-684
-789
-921
-981
-1.06e+03
-1.13e+03
-1.18e+03
-1.23e+03
-1.26e+03
-1.28e+03
-1.29e+03
-1.28e+03
-1.26e+03
-1.23e+03
-1.18e+03
-1.13e+03
-1.06e+03
-981
-864
-737
-637
-536
-432
-325
-217
-109
-1
107
216
323
431
535
636
736
860
980
1.06e+03
1.13e+03
1.18e+03
1.23e+03
1.26e+03
1.28e+03
1.29e+03
1.28e+03
1.26e+03
1.23e+03
1.18e+03
1.13e+03
1.06e+03
979
860
735
636
535
431
323
216
108
-1
-109
-217
-325
-432
-536
-640
-737
-804
-928
-1.02e+03
-1.1e+03
-1.17e+03
-1.24e+03
-1.3e+03
-1.34e+03
-1.37e+03
-1.38e+03
-1.38e+03
-1.37e+03
-1.33e+03
-1.27e+03
-1.2e+03
-1.11e+03
-1.02e+03
-860
-712
-549
-376
-192
-8
172
352
520
675
811
919
1e+03
1.06e+03
1.08e+03
1.04e+03
1.02e+03
947
840
708
551
379
192
-1
-196
-380
-556
-712
-844
-949
-1.02e+03
-1.1e+03
-1.13e+03
-1.1e+03
-1.03e+03
-932
-801
-644
-468
-273
-73
128
327
516
692
848
983
1.12e+03
1.17e+03
1.23e+03
1.26e+03
1.26e+03
1.24e+03
1.21e+03
1.16e+03
1.09e+03
1.03e+03
955
888
824
772
732
708
667
708
732
772
827
887
956
1.02e+03
1.09e+03
1.16e+03
1.21e+03
1.24e+03
1.26e+03
1.26e+03
1.23e+03
1.17e+03
1.06e+03
927
807
663
504
336
160
-16
-193
-365
-521
-665
-789
-889
-964
-1.01e+03
-996
-956
-920
-861
-777
-676
-553
-420
-276
-120
40
203
363
516
664
804
963
1.1e+03
1.2e+03
1.27e+03
1.33e+03
1.36e+03
1.38e+03
1.38e+03
1.36e+03
1.34e+03
1.29e+03
1.24e+03
1.17e+03
1.1e+03
1.02e+03
924
860
788
680
563
440
312
184
51
-81
-212
-340
-460
-576
-681
-777
-861
-904
-996
-1.05e+03
-1.08e+03
-1.11e+03
-1.12e+03
-1.12e+03
-1.11e+03
-1.1e+03
-1.07e+03
-1.05e+03
-1.02e+03
-981
-949
-917
-888
-832
-780
-765
-760
-761
-768
-784
-801
-824
-848
-869
-893
-916
-933
-945
-956
-932
-901
-901
-904
-904
-904
-901
-904
-901
-901
-904
-904
-901
-901
-904
-904
-929
-956
-945
-933
-916
-893
-869
-845
-824
-801
-781
-769
-760
-757
-764
-777
-829
-885
-917
-948
-981
-1.02e+03
-1.05e+03
-1.07e+03
-1.1e+03
-1.11e+03
-1.12e+03
-1.12e+03
-1.11e+03
-1.08e+03
-1.05e+03
-997
-904
-861
-777
-681
-573
-460
-340
-212
-81
51
183
315
439
563
679
788
860
924
1.02e+03
1.1e+03
1.17e+03
1.24e+03
1.3e+03
1.34e+03
1.37e+03
1.38e+03
1.38e+03
1.36e+03
1.33e+03
1.27e+03
1.2e+03
1.1e+03
1.02e+03
859
708
547
372
192
8
-176
-353
-521
-676
-809
-921
-1.01e+03
-1.06e+03
-1.08e+03
-1.04e+03
-1.03e+03
-948
-844
-712
-553
-380
-193
-1
192
379
552
708
840
947
1.02e+03
1.04e+03
1.08e+03
1.06e+03
1e+03
919
808
675
520
352
175
-9
-193
-373
-548
-709
-857
-1.02e+03
-1.11e+03
-1.2e+03
-1.27e+03
-1.33e+03
-1.36e+03
-1.38e+03
-1.38e+03
-1.37e+03
-1.34e+03
-1.3e+03
-1.24e+03
-1.17e+03
-1.1e+03
-1.02e+03
-928
-805
-737
-637
-536
-429
-324
-220
-109
-1
107
215
323
428
535
639
736
860
979
1.06e+03
1.13e+03
1.18e+03
1.23e+03
1.26e+03
1.28e+03
1.29e+03
1.28e+03
1.26e+03
1.23e+03
1.18e+03
1.13e+03
1.06e+03
979
920
788
679
563
440
315
183
51
-81
-212
-337
-461
-573
-681
-776
-864
-904
-996
-1.05e+03
-1.08e+03
-1.11e+03
-1.12e+03
-1.12e+03
-1.11e+03
-1.1e+03
-1.07e+03
-1.05e+03
-1.02e+03
-984
-949
-917
-885
-829
-777
-764
-760
-760
-768
-781
-800
-824
-845
-869
-893
-916
-933
-945
-956
-989
-956
-948
-932
-913
-896
-869
-845
-821
-801
-781
-768
-760
-757
-764
-780
-772
-833
-876
-921
-972
-1.03e+03
-1.08e+03
-1.13e+03
-1.18e+03
-1.21e+03
-1.24e+03
-1.25e+03
-1.25e+03
-1.23e+03
-1.18e+03
-1.12e+03
-1.06e+03
-984
-852
-693
-520
-329
-129
75
272
463
643
799
932
1.03e+03
1.1e+03
1.13e+03
1.1e+03
1.02e+03
947
840
708
552
376
192
-1
-193
-380
-553
-709
-844
-948
-1.03e+03
-1.1e+03
-1.13e+03
-1.1e+03
-1.03e+03
-933
-801
-644
-465
-273
-73
131
328
519
692
848
983
1.12e+03
1.17e+03
1.23e+03
1.26e+03
1.26e+03
1.24e+03
1.21e+03
1.16e+03
1.1e+03
1.02e+03
956
887
824
772
732
708
668
708
732
772
824
887
956
1.02e+03
1.1e+03
1.16e+03
1.21e+03
1.24e+03
1.26e+03
1.26e+03
1.23e+03
1.17e+03
1.06e+03
928
804
663
504
339
163
-17
-193
-365
-521
-665
-789
-889
-964
-1.01e+03
-1.06e+03
-1.01e+03
-964
-888
-789
-665
-524
-364
-193
-20
160
339
504
663
804
928
1.06e+03
1.17e+03
1.23e+03
1.26e+03
1.26e+03
1.24e+03
1.2e+03
1.16e+03
1.09e+03
1.03e+03
955
887
827
772
735
707
727
760
776
803
835
879
923
971
1.01e+03
1.06e+03
1.08e+03
1.11e+03
1.12e+03
1.11e+03
1.09e+03
1.05e+03
1.02e+03
912
816
708
584
451
304
152
-1
-153
-305
-449
-588
-709
-820
-916
-1.02e+03
-1.05e+03
-1.09e+03
-1.11e+03
-1.12e+03
-1.11e+03
-1.09e+03
-1.05e+03
-1.02e+03
-972
-925
-880
-840
-805
-777
-761
-729
-709
-733
-773
-828
-889
-957
-1.03e+03
-1.1e+03
-1.16e+03
-1.21e+03
-1.24e+03
-1.26e+03
-1.26e+03
-1.23e+03
-1.17e+03
-1.06e+03
-929
-805
-664
-508
-340
-164
15
192
363
523
664
787
887
960
1.01e+03
995
955
919
856
776
675
552
419
271
119
-41
-205
-364
-520
-668
-805
-905
-1.05e+03
-1.16e+03
-1.25e+03
-1.32e+03
-1.37e+03
-1.42e+03
-1.44e+03
-1.45e+03
-1.44e+03
-1.42e+03
-1.37e+03
-1.32e+03
-1.25e+03
-1.16e+03
-1.05e+03
-904
-805
-668
-520
-364
-204
-41
116
272
419
555
675
776
856
916
952
936
955
919
859
776
672
552
419
272
119
-41
-204
-364
-520
-668
-805
-904
-1.05e+03
-1.16e+03
-1.25e+03
-1.32e+03
-1.37e+03
-1.42e+03
-1.44e+03
-1.45e+03
-1.44e+03
-1.42e+03
-1.37e+03
-1.32e+03
-1.25e+03
-1.16e+03
-1.05e+03
-964
-860
-712
-548
-376
-193
-12
172
352
520
675
808
919
1e+03
1.06e+03
1.08e+03
1.04e+03
1.02e+03
947
843
707
552
379
192
0
-196
-380
-553
-709
-844
-949
-1.02e+03
-1.1e+03
-1.13e+03
-1.1e+03
-1.04e+03
-933
-801
-641
-465
-273
-76
128
328
516
691
847
980
1.12e+03
1.17e+03
1.22e+03
1.26e+03
1.26e+03
1.24e+03
1.21e+03
1.16e+03
1.09e+03
1.03e+03
955
887
824
772
735
708
668
708
735
772
824
887
955
1.03e+03
1.09e+03
1.16e+03
1.21e+03
1.24e+03
1.26e+03
1.26e+03
1.22e+03
1.17e+03
1.12e+03
980
848
691
516
328
128
-73
-276
-464
-644
-800
-932
-1.03e+03
-1.1e+03
-1.13e+03
-1.1e+03
-1.02e+03
-948
-844
-712
-556
-380
-196
-1
191
379
551
708
840
947
1.02e+03
1.04e+03
1.08e+03
1.06e+03
1e+03
920
808
675
520
351
175
-12
-193
-376
-549
-709
-860
-1.02e+03
-1.11e+03
-1.2e+03
-1.27e+03
-1.33e+03
-1.36e+03
-1.38e+03
-1.38e+03
-1.37e+03
-1.34e+03
-1.3e+03
-1.24e+03
-1.17e+03
-1.1e+03
-1.02e+03
-928
-805
-737
-637
-536
-429
-324
-220
-109
-1
107
215
323
428
535
639
736
803
924
1.02e+03
1.1e+03
1.17e+03
1.24e+03
1.29e+03
1.34e+03
1.37e+03
1.38e+03
1.38e+03
1.36e+03
1.33e+03
1.27e+03
1.2e+03
1.1e+03
1.02e+03
856
708
547
372
192
8
-176
-356
-524
-677
-809
-924
-1.01e+03
-1.06e+03
-1.08e+03
-1.04e+03
-1.02e+03
-949
-844
-709
-553
-381
-193
-1
192
379
552
707
840
947
1.02e+03
1.04e+03
1.08e+03
1.06e+03
1e+03
920
808
675
520
352
175
-9
-196
-373
-548
-712
-857
-964
-1.05e+03
-1.16e+03
-1.24e+03
-1.32e+03
-1.37e+03
-1.42e+03
-1.44e+03
-1.45e+03
-1.44e+03
-1.42e+03
-1.38e+03
-1.32e+03
-1.24e+03
-1.16e+03
-1.05e+03
-964
-860
-709
-548
-373
-193
-9
175
352
520
672
808
919
1e+03
1.06e+03
1.08e+03
1.1e+03
1.08e+03
991
871
719
543
344
135
-81
-296
-501
-692
-853
-989
-1.09e+03
-1.15e+03
-1.2e+03
-1.2e+03
-1.13e+03
-1.02e+03
-864
-680
-468
-240
-1
236
467
676
863
1.02e+03
1.13e+03
1.2e+03
1.2e+03
1.15e+03
1.09e+03
984
851
687
499
295
80
-136
-348
-544
-720
-872
-992
-1.08e+03
-1.16e+03
-1.13e+03
-1.1e+03
-1.03e+03
-933
-800
-645
-465
-276
-76
128
328
516
692
847
980
1.12e+03
1.17e+03
1.23e+03
1.26e+03
1.26e+03
1.24e+03
1.21e+03
1.16e+03
1.09e+03
1.03e+03
955
887
824
775
735
708
668
707
732
772
824
887
955
1.02e+03
1.1e+03
1.16e+03
1.2e+03
1.24e+03
1.26e+03
1.26e+03
1.23e+03
1.17e+03
1.12e+03
983
848
691
516
327
128
-73
-276
-465
-644
-801
-932
-1.04e+03
-1.1e+03
-1.13e+03
-1.1e+03
-1.02e+03
-949
-841
-709
-553
-380
-193
0
192
379
552
708
840
947
1.02e+03
1.09e+03
1.13e+03
1.1e+03
1.03e+03
931
800
643
467
271
72
-132
-329
-520
-693
-849
-984
-1.06e+03
-1.12e+03
-1.19e+03
-1.23e+03
-1.25e+03
-1.25e+03
-1.24e+03
-1.21e+03
-1.18e+03
-1.13e+03
-1.08e+03
-1.02e+03
-972
-920
-873
-833
-829
-832
-808
-785
-769
-757
-748
-745
-744
-741
-749
-757
-772
-788
-808
-832
-889
-885
-917
-949
-984
-1.02e+03
-1.05e+03
-1.07e+03
-1.1e+03
-1.11e+03
-1.12e+03
-1.12e+03
-1.11e+03
-1.08e+03
-1.05e+03
-997
-964
-913
-821
-709
-585
-449
-305
-153
-1
151
303
451
584
708
819
912
963
995
1.04e+03
1.08e+03
1.1e+03
1.12e+03
1.12e+03
1.11e+03
1.09e+03
1.07e+03
1.04e+03
1.01e+03
979
947
916
887
887
831
804
784
768
756
748
743
740
743
747
756
768
787
807
831
828
831
875
919
971
1.02e+03
1.08e+03
1.13e+03
1.18e+03
1.21e+03
1.24e+03
1.25e+03
1.25e+03
1.22e+03
1.18e+03
1.12e+03
1.06e+03
983
848
691
516
327
128
-76
-276
-465
-645
-801
-933
-1.03e+03
-1.1e+03
-1.13e+03
-1.15e+03
-1.08e+03
-992
-869
-721
-545
-348
-137
79
295
499
688
852
987
1.08e+03
1.15e+03
1.14e+03
1.15e+03
1.08e+03
987
852
687
499
292
79
-137
-348
-544
-721
-872
-992
-1.08e+03
-1.1e+03
-1.08e+03
-1.06e+03
-1.01e+03
-921
-809
-677
-521
-353
-176
8
191
372
547
708
856
963
1.05e+03
1.15e+03
1.24e+03
1.32e+03
1.37e+03
1.42e+03
1.44e+03
1.45e+03
1.44e+03
1.41e+03
1.37e+03
1.32e+03
1.24e+03
1.16e+03
1.05e+03
903
804
664
516
363
200
40
-120
-273
-420
-556
-673
-777
-860
-921
-957
-936
-956
-920
-860
-777
-676
-557
-421
-273
-120
39
203
363
516
667
804
960
1.1e+03
1.2e+03
1.27e+03
1.33e+03
1.36e+03
1.38e+03
1.38e+03
1.37e+03
1.34e+03
1.29e+03
1.24e+03
1.17e+03
1.1e+03
1.02e+03
927
800
736
636
532
428
324
215
108
0
-109
-217
-325
-432
-536
-640
-737
-804
-928
-1.02e+03
-1.1e+03
-1.17e+03
-1.24e+03
-1.29e+03
-1.34e+03
-1.37e+03
-1.38e+03
-1.38e+03
-1.37e+03
-1.33e+03
-1.27e+03
-1.2e+03
-1.11e+03
-964
-805
-668
-520
-364
-204
-41
116
272
419
555
675
776
859
916
952
995
1.01e+03
960
887
787
663
520
363
192
16
-164
-340
-508
-665
-808
-932
-1.01e+03
-1.12e+03
-1.19e+03
-1.23e+03
-1.25e+03
-1.25e+03
-1.24e+03
-1.21e+03
-1.17e+03
-1.13e+03
-1.08e+03
-1.03e+03
-969
-920
-873
-833
-829
-832
-805
-788
-772
-760
-748
-744
-744
-744
-749
-757
-772
-788
-808
-832
-889
-888
-917
-949
-981
-1.02e+03
-1.05e+03
-1.07e+03
-1.1e+03
-1.11e+03
-1.12e+03
-1.12e+03
-1.11e+03
-1.08e+03
-1.05e+03
-997
-964
-913
-820
-709
-588
-449
-308
-157
-1
152
304
451
584
711
819
912
963
995
1.04e+03
1.08e+03
1.1e+03
1.12e+03
1.12e+03
1.11e+03
1.09e+03
1.07e+03
1.04e+03
1.01e+03
980
948
916
884
828
779
760
756
756
767
780
799
823
844
867
892
912
931
944
952
928
900
900
903
903
903
903
900
900
900
900
903
903
903
900
900
871
900
900
903
903
900
903
900
900
900
903
903
900
903
900
900
928
955
944
932
912
891
868
844
820
799
780
764
759
755
760
776
768
832
872
916
968
1.02e+03
1.08e+03
1.13e+03
1.17e+03
1.21e+03
1.24e+03
1.25e+03
1.25e+03
1.23e+03
1.18e+03
1.12e+03
1e+03
928
804
664
507
336
163
-17
-193
-364
-524
-668
-789
-888
-964
-1.01e+03
-996
-956
-920
-860
-777
-677
-556
-420
-276
-120
40
200
360
519
667
804
903
1.05e+03
1.15e+03
1.24e+03
1.32e+03
1.37e+03
1.42e+03
1.44e+03
1.45e+03
1.44e+03
1.41e+03
1.37e+03
1.32e+03
1.24e+03
1.15e+03
1.05e+03
963
856
708
544
371
192
8
-177
-353
-524
-676
-809
-921
-1e+03
-1.06e+03
-1.08e+03
-1.1e+03
-1.08e+03
-992
-872
-720
-545
-348
-137
79
295
499
688
852
984
1.09e+03
1.15e+03
1.2e+03
1.2e+03
1.13e+03
1.02e+03
863
679
467
239
0
-240
-468
-680
-865
-1.02e+03
-1.13e+03
-1.2e+03
-1.26e+03
-1.2e+03
-1.13e+03
-1.02e+03
-865
-680
-469
-240
-1
239
467
679
863
1.02e+03
1.13e+03
1.2e+03
1.2e+03
1.15e+03
1.09e+03
987
852
688
500
295
79
-137
-348
-545
-720
-872
-992
-1.08e+03
-1.16e+03
-1.13e+03
-1.1e+03
-1.04e+03
-933
-801
-645
-468
-273
-73
128
327
516
692
848
983
1.06e+03
1.12e+03
1.18e+03
1.23e+03
1.25e+03
1.25e+03
1.24e+03
1.21e+03
1.17e+03
1.13e+03
1.08e+03
1.02e+03
971
919
872
832
827
828
807
784
768
756
747
740
740
743
747
756
768
784
804
828
887
884
915
947
980
1.01e+03
1.04e+03
1.07e+03
1.09e+03
1.11e+03
1.12e+03
1.12e+03
1.1e+03
1.08e+03
1.04e+03
995
903
860
776
679
572
456
339
211
79
-53
-184
-316
-441
-565
-681
-789
-861
-925
-1.02e+03
-1.1e+03
-1.17e+03
-1.24e+03
-1.3e+03
-1.34e+03
-1.37e+03
-1.38e+03
-1.38e+03
-1.37e+03
-1.33e+03
-1.27e+03
-1.2e+03
-1.11e+03
-1.02e+03
-860
-709
-549
-376
-196
-9
175
351
520
672
811
920
1e+03
1.06e+03
1.08e+03
1.04e+03
1.02e+03
947
840
711
552
376
191
0
-193
-380
-553
-712
-841
-949
-1.02e+03
-1.1e+03
-1.13e+03
-1.1e+03
-1.04e+03
-933
-801
-644
-468
-273
-73
128
327
516
691
847
980
1.06e+03
1.12e+03
1.18e+03
1.23e+03
1.25e+03
1.25e+03
1.24e+03
1.21e+03
1.17e+03
1.13e+03
1.08e+03
1.02e+03
968
919
872
832
828
831
807
784
768
756
748
743
740
743
748
756
768
784
804
831
887
887
915
947
980
1.02e+03
1.04e+03
1.07e+03
1.09e+03
1.11e+03
1.12e+03
1.12e+03
1.1e+03
1.08e+03
1.04e+03
995
960
912
819
708
584
451
304
155
-1
-156
-305
-449
-585
-709
-820
-916
-964
-997
-1.05e+03
-1.08e+03
-1.11e+03
-1.12e+03
-1.12e+03
-1.11e+03
-1.1e+03
-1.07e+03
-1.05e+03
-1.02e+03
-981
-949
-917
-888
-832
-777
-764
-757
-757
-768
-780
-801
-821
-845
-872
-893
-913
-932
-948
-953
-929
-901
-904
-904
-904
-904
-904
-904
-901
-901
-901
-904
-904
-904
-904
-904
-929
-956
-945
-933
-916
-893
-869
-844
-821
-801
-781
-765
-761
-760
-764
-777
-829
-888
-917
-949
-981
-1.02e+03
-1.05e+03
-1.07e+03
-1.1e+03
-1.11e+03
-1.12e+03
-1.12e+03
-1.11e+03
-1.08e+03
-1.05e+03
-996
-964
-913
-821
-712
-588
-452
-305
-156
-1
155
304
451
584
708
819
911
1.02e+03
1.05e+03
1.09e+03
1.11e+03
1.12e+03
1.11e+03
1.08e+03
1.05e+03
1.01e+03
968
923
876
836
803
776
759
727
708
732
775
827
888
955
1.03e+03
1.1e+03
1.16e+03
1.21e+03
1.24e+03
1.26e+03
1.26e+03
1.22e+03
1.17e+03
1.06e+03
928
804
663
507
336
160
-17
-193
-364
-524
-665
-789
-888
-961
-1.01e+03
-1.06e+03
-1.01e+03
-964
-888
-789
-665
-524
-365
-193
-16
163
336
504
663
807
931
1e+03
1.12e+03
1.18e+03
1.23e+03
1.25e+03
1.25e+03
1.24e+03
1.21e+03
1.17e+03
1.13e+03
1.08e+03
1.02e+03
968
919
872
831
768
779
763
756
759
767
780
800
820
847
868
891
912
931
943
955
987
955
944
931
912
891
867
844
820
799
780
764
756
756
763
776
828
884
915
948
980
1.01e+03
1.04e+03
1.07e+03
1.1e+03
1.11e+03
1.12e+03
1.12e+03
1.1e+03
1.08e+03
1.04e+03
995
903
859
775
679
575
459
336
211
79
-53
-185
-313
-441
-564
-681
-792
-861
-928
-1.02e+03
-1.1e+03
-1.17e+03
-1.24e+03
-1.29e+03
-1.34e+03
-1.37e+03
-1.38e+03
-1.38e+03
-1.37e+03
-1.33e+03
-1.27e+03
-1.2e+03
-1.11e+03
-961
-808
-668
-520
-361
-204
-41
116
272
419
555
675
775
859
919
955
995
1.01e+03
960
888
788
663
523
364
192
16
-164
-337
-508
-664
-805
-932
-1.01e+03
-1.12e+03
-1.18e+03
-1.23e+03
-1.25e+03
-1.25e+03
-1.24e+03
-1.21e+03
-1.18e+03
-1.13e+03
-1.08e+03
-1.02e+03
-972
-920
-873
-836
-829
-832
-808
-785
-769
-757
-749
-745
-744
-744
-748
-760
-769
-788
-808
-832
-829
-833
-873
-920
-972
-1.02e+03
-1.08e+03
-1.13e+03
-1.18e+03
-1.21e+03
-1.24e+03
-1.25e+03
-1.25e+03
-1.23e+03
-1.19e+03
-1.12e+03
-1.07e+03
-981
-849
-693
-520
-328
-132
71
272
464
643
799
931
1.03e+03
1.1e+03
1.13e+03
1.15e+03
1.08e+03
991
871
719
543
347
136
-80
-296
-501
-688
-853
-989
-1.09e+03
-1.15e+03
-1.14e+03
-1.15e+03
-1.09e+03
-988
-852
-688
-501
-297
-81
135
347
543
716
868
991
1.08e+03
1.15e+03
1.13e+03
1.1e+03
1.03e+03
931
796
643
464
272
72
-132
-329
-517
-693
-848
-984
-1.06e+03
-1.12e+03
-1.19e+03
-1.23e+03
-1.25e+03
-1.25e+03
-1.24e+03
-1.21e+03
-1.18e+03
-1.13e+03
-1.08e+03
-1.02e+03
-972
-921
-873
-833
-772
-777
-764
-757
-757
-769
-781
-801
-824
-845
-872
-893
-916
-932
-948
-956
-929
-904
-904
-904
-904
-904
-904
-901
-901
-901
-904
-904
-904
-904
-904
-901
-869
-901
-905
-905
-905
-905
-901
-901
-901
-901
-901
-905
-905
-905
-905
-901
-872
-901
-905
-905
-905
-905
-901
-901
-901
-901
-901
-905
-905
-905
-905
-901
-869
-901
-904
-904
-904
-904
-904
-901
-901
-901
-904
-904
-904
-904
-904
-904
-929
-956
-948
-932
-916
-893
-872
-845
-824
-801
-781
-769
-757
-757
-764
-777
-769
-833
-873
-921
-972
-1.02e+03
-1.08e+03
-1.13e+03
-1.18e+03
-1.21e+03
-1.24e+03
-1.25e+03
-1.25e+03
-1.23e+03
-1.19e+03
-1.12e+03
-1.06e+03
-981
-849
-693
-520
-329
-129
72
272
464
643
800
932
1.03e+03
1.1e+03
1.13e+03
1.15e+03
1.08e+03
991
871
720
543
344
135
-81
-296
-501
-689
-853
-989
-1.09e+03
-1.15e+03
-1.2e+03
-1.2e+03
-1.13e+03
-1.02e+03
-865
-677
-469
-240
-1
239
467
679
863
1.02e+03
1.13e+03
1.2e+03
1.26e+03
1.2e+03
1.13e+03
1.02e+03
863
676
467
236
-1
-240
-468
-680
-864
-1.02e+03
-1.13e+03
-1.2e+03
-1.2e+03
-1.15e+03
-1.09e+03
-989
-853
-692
-501
-296
-81
135
344
543
719
871
991
1.08e+03
1.1e+03
1.08e+03
1.06e+03
1e+03
919
808
672
520
352
175
-9
-193
-373
-548
-709
-860
-1.02e+03
-1.11e+03
-1.2e+03
-1.27e+03
-1.33e+03
-1.36e+03
-1.38e+03
-1.38e+03
-1.37e+03
-1.34e+03
-1.3e+03
-1.24e+03
-1.17e+03
-1.1e+03
-1.02e+03
-928
-804
-737
-640
-536
-432
-325
-216
-109
-1
108
215
320
431
535
636
736
800
924
1.02e+03
1.1e+03
1.17e+03
1.24e+03
1.29e+03
1.34e+03
1.37e+03
1.38e+03
1.38e+03
1.36e+03
1.33e+03
1.27e+03
1.2e+03
1.1e+03
1.02e+03
859
708
547
372
192
8
-177
-353
-524
-673
-809
-921
-1.01e+03
-1.06e+03
-1.08e+03
-1.1e+03
-1.08e+03
-992
-873
-721
-544
-345
-136
79
295
500
688
852
987
1.09e+03
1.15e+03
1.2e+03
1.2e+03
1.13e+03
1.02e+03
863
679
468
236
-1
-240
-468
-680
-864
-1.02e+03
-1.13e+03
-1.2e+03
-1.26e+03
-1.2e+03
-1.13e+03
-1.02e+03
-865
-680
-468
-240
-1
236
468
676
863
1.02e+03
1.13e+03
1.2e+03
1.26e+03
1.2e+03
1.13e+03
1.02e+03
863
679
468
239
-1
-240
-468
-681
-865
-1.02e+03
-1.13e+03
-1.2e+03
-1.2e+03
-1.15e+03
-1.09e+03
-989
-853
-689
-501
-297
-81
135
347
543
719
871
991
1.08e+03
1.1e+03
1.08e+03
1.06e+03
1e+03
920
808
675
520
352
175
-9
-193
-373
-548
-712
-860
-964
-1.05e+03
-1.16e+03
-1.25e+03
-1.32e+03
-1.38e+03
-1.42e+03
-1.44e+03
-1.45e+03
-1.44e+03
-1.42e+03
-1.38e+03
-1.32e+03
-1.24e+03
-1.16e+03
-1.05e+03
-964
-860
-709
-548
-376
-193
-9
175
351
520
675
808
920
1e+03
1.06e+03
1.08e+03
1.04e+03
1.02e+03
947
843
708
551
379
191
-1
-193
-380
-556
-709
-844
-949
-1.02e+03
-1.1e+03
-1.13e+03
-1.1e+03
-1.04e+03
-933
-804
-644
-465
-276
-72
128
328
516
692
848
983
1.06e+03
1.12e+03
1.18e+03
1.23e+03
1.25e+03
1.25e+03
1.24e+03
1.21e+03
1.17e+03
1.13e+03
1.08e+03
1.02e+03
968
919
872
831
768
775
763
756
756
764
780
799
820
844
868
892
912
928
944
955
988
955
944
931
912
892
867
843
819
799
779
764
759
756
763
776
771
832
875
919
971
1.02e+03
1.08e+03
1.13e+03
1.18e+03
1.21e+03
1.24e+03
1.25e+03
1.25e+03
1.23e+03
1.18e+03
1.12e+03
1.06e+03
980
848
691
516
327
128
-73
-276
-468
-645
-801
-932
-1.03e+03
-1.1e+03
-1.13e+03
-1.16e+03
-1.08e+03
-992
-872
-721
-544
-345
-136
79
292
499
688
852
984
1.09e+03
1.15e+03
1.14e+03
1.15e+03
1.09e+03
987
852
688
500
295
80
-137
-348
-545
-721
-873
-992
-1.08e+03
-1.16e+03
-1.13e+03
-1.1e+03
-1.04e+03
-932
-801
-644
-465
-273
-73
128
328
515
691
848
983
1.12e+03
1.17e+03
1.23e+03
1.26e+03
1.26e+03
1.24e+03
1.2e+03
1.16e+03
1.09e+03
1.03e+03
955
887
827
772
735
707
668
707
735
775
824
884
956
1.02e+03
1.1e+03
1.16e+03
1.21e+03
1.24e+03
1.26e+03
1.26e+03
1.23e+03
1.17e+03
1.12e+03
983
848
691
516
327
128
-73
-276
-465
-644
-801
-932
-1.04e+03
-1.1e+03
-1.13e+03
-1.1e+03
-1.03e+03
-949
-844
-709
-553
-380
-193
0
192
379
552
708
843
947
1.02e+03
1.1e+03
1.13e+03
1.1e+03
1.03e+03
932
799
643
464
272
72
-132
-329
-517
-693
-849
-985
-1.12e+03
-1.17e+03
-1.23e+03
-1.26e+03
-1.26e+03
-1.24e+03
-1.21e+03
-1.16e+03
-1.1e+03
-1.03e+03
-957
-889
-828
-776
-733
-709
-729
-764
-777
-805
-840
-880
-925
-969
-1.02e+03
-1.06e+03
-1.09e+03
-1.11e+03
-1.12e+03
-1.11e+03
-1.09e+03
-1.05e+03
-964
-861
-777
-680
-576
-460
-340
-212
-80
52
184
312
440
563
680
788
863
927
1.02e+03
1.1e+03
1.17e+03
1.24e+03
1.3e+03
1.34e+03
1.37e+03
1.38e+03
1.38e+03
1.36e+03
1.33e+03
1.27e+03
1.2e+03
1.1e+03
963
804
664
516
360
203
40
-120
-273
-421
-556
-676
-777
-860
-920
-957
-937
-956
-920
-861
-777
-673
-556
-420
-276
-120
40
200
363
516
664
804
903
1.05e+03
1.15e+03
1.24e+03
1.32e+03
1.37e+03
1.41e+03
1.44e+03
1.45e+03
1.44e+03
1.42e+03
1.38e+03
1.32e+03
1.24e+03
1.15e+03
1.05e+03
963
856
708
544
372
191
8
-176
-353
-524
-677
-812
-921
-1.01e+03
-1.06e+03
-1.08e+03
-1.1e+03
-1.08e+03
-992
-872
-724
-545
-348
-137
79
295
500
688
852
987
1.08e+03
1.15e+03
1.2e+03
1.2e+03
1.13e+03
1.02e+03
864
676
467
236
0
-240
-468
-681
-865
-1.02e+03
-1.13e+03
-1.2e+03
-1.2e+03
-1.15e+03
-1.09e+03
-988
-853
-689
-501
-296
-81
136
347
544
719
871
991
1.08e+03
1.1e+03
1.08e+03
1.06e+03
1e+03
920
808
675
523
352
175
-9
-193
-373
-549
-709
-860
-964
-1.05e+03
-1.16e+03
-1.25e+03
-1.32e+03
-1.37e+03
-1.42e+03
-1.44e+03
-1.45e+03
-1.44e+03
-1.42e+03
-1.38e+03
-1.32e+03
-1.25e+03
-1.16e+03
-1.05e+03
-905
-808
-668
-517
-364
-204
-41
116
272
419
552
675
775
859
916
955
995
1.01e+03
963
887
787
664
520
363
192
16
-164
-340
-508
-665
-805
-929
-1.06e+03
-1.17e+03
-1.23e+03
-1.26e+03
-1.26e+03
-1.24e+03
-1.21e+03
-1.16e+03
-1.1e+03
-1.03e+03
-957
-888
-828
-776
-733
-709
-669
-709
-736
-776
-828
-889
-957
-1.03e+03
-1.09e+03
-1.16e+03
-1.21e+03
-1.24e+03
-1.26e+03
-1.26e+03
-1.23e+03
-1.17e+03
-1.07e+03
-932
-808
-665
-508
-340
-164
15
192
363
520
664
787
888
960
1.01e+03
995
955
919
859
776
675
555
419
272
119
-41
-204
-364
-517
-665
-808
-905
-1.05e+03
-1.16e+03
-1.25e+03
-1.32e+03
-1.37e+03
-1.42e+03
-1.44e+03
-1.45e+03
-1.44e+03
-1.42e+03
-1.37e+03
-1.32e+03
-1.25e+03
-1.16e+03
-1.05e+03
-961
-860
-709
-548
-376
-193
-9
175
351
520
675
808
920
1e+03
1.06e+03
1.08e+03
