000000000000
001100000011
000100111011
111011111111
110011100011
101101010000
101011001100
101100101111
110001000111
110111101000
111110010011
000101000111
001011100000
010001001011
010100111011
010101010100
010001010000
001000000111
111110001011
110101011100
110001000111
110010100100
111001011100
000011001011
001100100100
010011011100
010110100000
010101011100
010000011011
001000100011
111101010011
110011010111
101111001000
110010011011
111101110111
001010110000
010001111011
001111011100
000100101000
110111100000
101111001100
101111111000
111000101111
000101001000
001111010111
010011101000
010010000100
001101111000
001011000111
001100100011
001111001011
010001010100
010000011000
001010101000
000011010011
111011000111
110011101011
101110011011
101011111111
101100110100
110000101011
110111001100
111111001100
000111001011
001101011111
010000111011
010001010111
001111110111
001101110111
001011110111
001100100000
001101111100
001110111011
001110100011
001101001100
001011111111
001100001000
001110110100
010000110000
010001011100
001111100100
001011000100
000010011011
111001000000
110001110000
101110101011
101111100011
110010010000
110100000111
110011011111
110000110100
101110101100
101111100111
110101011000
111100101100
000100111011
001100010111
010001001011
010100111011
010101010100
010001010000
001000000111
111110001000
110101011100
110001000111
110010000111
111010010111
000101010011
001110100011
010011101000
010010000111
001101111011
001011000100
001100100011
001111001011
010001010100
010000011000
001011000111
000010011011
111001000000
110001101111
101111000111
101110101011
110000001011
110010001011
110011101100
110100011000
110100001011
110011000011
110001101011
101110011000
101100011100
101110100000
110101101000
000000010000
001010011011
001111110000
001101111000
000101101100
111010101100
110001011111
101100011000
101101111100
110010000111
110100111100
110011111011
101111111111
101100100100
101101101011
110101001100
000001001000
001100011111
010001101100
001101001000
000011000000
110111010111
110000000000
101111110111
111000101111
000101000111
001111011000
010011001011
010010111100
010000000000
001101000000
001100010011
001011100111
001011110100
001100111111
001110110100
010000101111
010001011111
001111100100
001010100111
000011010011
111011000111
110011101011
101110011000
101011111111
101100110011
110000101100
110111101000
111110010100
000101000100
001011100011
010001001011
010100111011
010101010111
010001010000
001000000111
111110001000
110101011111
110001000111
110010100111
111001011111
000011001011
001100100100
010011111011
010101101000
010011010111
001110011111
001000110100
000000110100
111000110100
110010100011
101111000100
101110101011
110000001011
110010001011
110100001011
110011100000
110010000100
110001000100
110001011100
110010110011
110100000000
110011110111
110001101000
101110011000
101100011100
101110100000
110101101000
000000010000
001010011000
001111110000
001101111000
000101101100
111010101111
110001011111
101100110111
101101000100
110000000011
110011000000
110100001011
110011100000
110010000100
110001000111
110001111011
110001111011
110001111011
110001111100
110001111011
110001111011
110001111011
110001111011
110001111011
110001111011
110001111011
110001111011
110001011100
110010110011
110100000011
110011111000
110001001100
101111010000
101110100011
110000011100
110101010111
111100101100
000100111011
001100010111
010001101000
010100000000
010011001011
001111010100
001000011000
000001101100
111010111100
110100100000
101110011000
101011111111
101100110100
110000101100
110111001100
111111001100
000111001100
001101011100
010000111011
010001010111
001111110111
001101110111
001100010011
001011100111
001011110111
001100111111
001110010111
010001101000
010011100100
010001011111
001010011000
111111110000
110101100111
110000010000
110010001011
111010010011
000101010011
001110100000
010011100111
010010000100
001101111000
001011000100
001100100011
001111001011
010001010100
010000011000
001010101000
000011010011
111011000111
110011101011
101110011011
101011111111
101100110100
110000101100
110111101011
111110010011
000101000100
001011100000
010001001100
010100111000
010101010100
010001010000
001000000111
111110001011
110101011100
110001000111
110010001000
111010010100
000101010011
001110100000
010011101000
010010000011
001101111000
001011000100
001100000111
010000000011
010011011100
010010010100
001010010111
111111101111
110101100111
110000010000
110010100100
111001011100
000011001100
001100100111
010011011100
010110100000
010101011111
010000011100
001000000100
111110001011
110101011100
110001000100
110010100100
111001011100
000011001011
001100100100
010011011100
010110100000
010101011111
010000011011
001000000100
111110001011
110101011111
110001000111
110010100100
111001011111
000011001100
001100100111
010011111000
010101100111
010011010111
001110011111
001000110100
000000110100
111000110100
110010100011
101110101011
101111100000
110010010011
110100000111
110011011100
110000110111
101110101100
101111101000
110101011000
111100101100
000100111011
001100010100
010001001000
010100111011
010101010100
010001010011
001000000111
111110001011
110101011100
110001000100
110010100100
111001011100
000011001011
001100100111
010011011100
010110011111
010101011100
010000011011
001000100011
111101010011
110011010100
101111001000
110010110111
111101000000
001000101011
010000000000
001111101100
001000001011
111101000000
110010100100
101100100100
101001100011
101010100011
101111100100
110111111011
000001110111
001010100100
001110111011
001101110111
000101101100
111010101111
110001011111
101100011000
101101111100
110010001000
110100111100
110011011100
110000110111
101110101100
101111101000
110101011000
111100101100
000100111011
001100010100
010001100111
010100000011
010011001111
001111010100
001000010111
000001101100
111010111100
110100100000
101110011000
101100000000
101100110011
110000101100
110111101011
111110010100
000101000100
001011100011
010001001000
010100111011
010101010100
010001010011
001000000111
111110001000
110101011100
110001000111
110010100100
111001011100
000011001011
001100100100
010011111000
010101101000
010011011000
001110100000
001000110011
000000110100
111000110100
110010100100
101110101011
101111100011
110010010000
110100000111
110011111011
101111111111
101100100111
101101101100
110101101000
000000010000
001010011000
001111110000
001101011100
000110100011
111100110111
110011011011
101100100100
101001100000
101010100011
101111100111
110111111011
000001110111
001010100000
001110111100
001101111000
000101101100
111010101111
110001011111
101100110100
101101000100
101111111111
110011000000
110011101111
110100011011
110100001011
110011000011
110001101000
101110011000
101100011100
101110011111
110101001100
000001001011
001100100000
010001101100
001101001000
000011000011
110111011000
110000000011
101111110111
111000101111
000101001000
001111010111
010011101000
010010000100
001101111000
001011000100
001100000111
010000000000
010011011011
010010010100
001010011000
111111101111
110101100111
110000010011
110010000111
111010010111
000101010011
001110100011
010011101000
010010000100
001101111011
001011000111
001100000100
010000000011
010011011011
010010010100
001010110100
111110111000
110011011111
101110010100
110010110111
111101000000
001000101000
010000000000
001111101100
001000001011
111100111111
110010100111
101100000111
101010011000
101100101011
110001100011
110111101000
111110010100
000101000100
001011100000
010001001000
010100111011
010101010100
010001010000
001000100011
111101010000
110011010111
101111001000
110010110100
111100111111
001000101000
001111111111
001111101100
001000001011
111100111111
110010100111
101100000111
101010011000
101100101000
110001100000
110111001100
111111001100
000111001100
001101011100
010001010111
010000011111
001101101111
001011111011
001100100100
001111001011
010001010100
010000011011
001010101000
000011010011
111011000100
110011101011
101110011000
101011111111
101100110100
110000101100
110111101000
111110010100
000101000100
001011100000
010001101000
010100000000
010011001100
001111010100
001000110011
000000110100
111000110100
110010100100
101111000111
101110101011
110000001011
110010001100
110011101111
110100011000
110100001011
110011000011
110001101000
101110011000
101100011100
101110100000
110101101000
000000010000
001010011000
001111110000
001101011100
000110100011
111100110100
110011011011
101100100100
101001100000
101010100011
101111100111
110111011111
000010101111
001100101011
010000110111
001101001011
000011000000
110111010111
110000000000
101111110111
111000101111
000101001000
001111010111
010011001011
010010111100
010000000000
001101000011
001100010000
001011100111
001011110100
001100111111
001110011000
010001100111
010011100100
010001100000
001010010111
111111110000
110101101000
110000010000
110010001000
111010010100
000101010011
001110100011
010011001011
010010111100
001111111111
001101000000
001100010011
001011100111
001011110100
001100111111
001110110100
010000110011
010001011111
001111100011
001010101000
000011010011
111011000111
110011101011
