001100000000
000100111011
111011111100
110011100011
101101010000
101011001111
101100101111
110001001011
110111101100
111110010111
000101001000
001011100011
010001001100
010100111011
010101010100
010001010000
001000000111
111110001011
110101011111
110001001000
110010101000
111001011111
000011001100
001100101000
010011011100
010110100011
010101100011
010000011100
001000100111
111101010100
110011011000
101111001100
110010011100
111101111011
001010110000
010001111011
001111011011
000100100111
110111100011
101111010000
101111111011
111000110011
000101001100
001111011000
010011101000
010010000100
001101111011
001011000100
001100100011
001111001011
010001010011
010000011000
001010101000
000011010100
111011000111
110011101111
101110011100
101100000011
101100110111
110000101111
110111001111
111111010000
000111001111
001101100000
010000111100
010001011000
001111111011
001101110111
001011111000
001100100011
001101111111
001110111111
001110100100
001101001111
001100000000
001100001000
001110110100
010000101111
010001011100
001111100011
001011000100
000010011100
111000111111
110001110000
101110101100
101111100100
110010010100
110100001011
110011100000
110000110111
101110101111
101111100111
110101010111
111100101100
000100111100
001100011000
010001001111
010100111100
010101011000
010001010100
001000001000
111110001011
110101011100
110001000100
110010000111
111010010100
000101010100
001110100100
010011101011
010010000111
001101111100
001011001000
001100100100
001111001111
010001010100
010000011011
001011001000
000010011111
111001000000
110001110000
101111001011
101110101011
110000001011
110010001011
110011101111
110100011011
110100001100
110011000100
110001101100
101110011011
101100100000
101110100100
110101101100
000000010011
001010011100
001111110100
001101111011
000101101100
111010101100
110001011111
101100011000
101101111111
110010001011
110100111111
110011111100
110000000000
101100100111
101101101100
110101001100
000001001011
001100100011
010001101111
001101001100
000011000011
110111011000
110000000000
101111110111
111000101111
000101001011
001111011000
010011001111
010010111111
010000000000
001101000011
001100010011
001011101011
001011111000
001101000011
001110110111
010000110000
010001011100
001111100011
001010101000
000011010100
111011000111
110011101111
101110011100
101100000011
101100110111
110000101111
110111101100
111110010111
000101001000
001011100011
010001001111
010100111100
010101011000
010001010100
001000001011
111110001011
110101011100
110001000100
110010100100
111001011100
000011001100
001100101000
010011111011
010101101000
010011010111
001110011111
001000110100
000000110011
111000110111
110010100111
101111001011
101110101100
110000001100
110010001111
110100001111
110011100100
110010001000
110001001000
110001100000
110010110111
110100000100
110011111011
110001101100
101110011000
101100011100
101110100000
110101101000
000000010000
001010011011
001111110100
001101111100
000101101111
111010101111
110001011111
101100110100
101101000100
110000000000
110010111111
110100001100
110011100011
110010001000
110001001000
110001111111
110001111100
110001111100
110001111011
110001111011
110001111011
110001111011
110001111011
110001111011
110001111011
110001111011
110001111011
110001011100
110010110011
110100000000
110011110111
110001001011
101111010000
101110100011
110000011100
110101010111
111100101111
000100111100
001100010111
010001101011
010100000100
010011010000
001111011000
001000011000
000001101111
111010111011
110100100000
101110011000
101011111111
101100110011
110000101011
110111001100
111111001111
000111001100
001101011111
010000111100
010001011011
001111111011
001101111000
001100010011
001011101000
001011110111
001100111111
001110010111
010001101000
010011100011
010001011111
001010010111
111111110011
110101101011
110000010011
110010001011
111010010111
000101010011
001110100000
010011100111
010010000100
001101111011
001011001000
001100100111
001111001100
010001010011
010000011000
001010101000
000011010100
111011001000
110011101111
101110011100
101100000011
101100110100
110000101011
110111101000
111110010011
000101000100
001011011111
010001001011
010100111011
010101010111
010001010100
001000001011
111110001011
110101011111
110001000100
110010000111
111010010100
000101010011
001110100000
010011100111
010010000100
001101111100
001011001000
001100001011
010000000011
010011011011
010010010011
001010010111
111111110000
110101101000
110000010011
110010101000
111001011111
000011001100
001100101000
010011011100
010110100000
010101011111
010000011011
001000000111
111110001000
110101011100
110001000111
110010100100
111001011011
000011001000
001100100100
010011011011
010110100000
010101100000
010000011111
001000001011
111110001100
110101100000
110001001000
110010101000
111001011111
000011001100
001100101000
010011111000
010101101000
010011010111
001110011111
001000110100
000000110100
111000110111
110010100111
101110101100
101111100100
110010010100
110100001011
110011100000
110000111000
101110110000
101111101011
110101011011
111100110000
000100111111
001100010111
010001001111
010100111100
010101011000
010001010100
001000001011
111110001011
110101011111
110001000100
110010100100
111001011011
000011001000
001100100100
010011011011
010110011111
010101011111
010000011011
001000100011
111101010000
110011010100
101111001000
110010111000
111101000000
001000101011
010000000011
001111110000
001000001100
111101000011
110010101000
101100101000
101001100100
101010100100
101111101000
110111111100
000001111011
001010100111
001110111111
001101111011
000101101100
111010101100
110001011111
101100011000
101101111100
110010000111
110100111011
110011011100
110000110100
101110101100
101111100111
110101010111
111100101111
000100111100
001100011000
010001101011
010100000100
010011010000
001111010111
001000011011
000001110000
111010111111
110100100100
101110011100
101100000011
101100110111
110000101111
110111101100
111110010111
000101001000
001011100011
010001001111
010100111100
010101011000
010001010100
001000001011
111110001011
110101011111
110001000111
110010100100
111001011011
000011001000
001100100100
010011110111
010101101000
010011011000
001110100011
001000111000
000000110111
111000110111
110010100011
101110101000
101111100000
110010010000
110100000111
110011111011
110000000000
101100101000
101101110000
110101101100
000000010000
001010011011
001111110000
001101011011
000110100100
111100110111
110011011011
101100100111
101001100011
101010100000
101111100100
110111111000
000001110111
001010100011
001110111011
001101111000
000101101011
111010101100
110001011111
101100110100
101101000100
110000000000
110010111111
110011101111
110100011000
110100001011
110011000011
110001101000
101110010111
101100011100
101110100000
110101001111
000001001011
001100100011
010001101111
001101001100
000011000100
110111011000
110000000000
101111110111
111000101111
000101001000
001111010100
010011100111
010010000100
001101111011
001011001000
001100001011
010000000100
010011011111
010010010111
001010011000
111111110011
110101100111
110000001111
110010000111
111010010100
000101010100
001110100100
010011101011
010010000111
001101111100
001011000111
001100001011
010000000100
010011011111
010010010111
001010110111
111110111000
110011100000
101110010100
110010110111
111100111111
001000101000
001111111111
001111101100
001000001000
111100111111
110010100100
101100001000
101010011000
101100101000
110001100000
110111101000
111110010011
000101000100
001011011111
010001001011
010100111000
010101010100
010001010000
001000100011
111101010000
110011010100
101111001000
110010110111
111100111111
001000101000
001111111111
001111101100
001000001000
111100111111
110010100111
101100001000
101010011000
101100101000
110001100000
110111001011
111111001111
000111001111
001101100000
010001011011
010000100000
001101101111
001011111000
001100100011
001111001100
010001010100
010000011100
001010101100
000011010100
111011000100
110011101011
101110011000
101100000000
101100110100
110000101111
110111101100
111110010111
000101001000
001011100011
010001101011
010100000011
010011010000
001111011000
001000111000
000000110111
111000111000
110010100111
101111001011
101110101100
110000001100
110010001111
110011110011
110100011011
110100001100
110011000000
110001101000
101110010111
101100011100
101110100000
110101101000
000000001111
001010011000
001111110000
001101011011
000110100100
111100110111
110011011011
101100100100
101001100011
101010100100
101111101000
110111100000
000010110011
001100101100
010000110111
001101001000
000011000000
110111010111
110000000000
101111111000
111000110000
000101001011
001111011000
010011001111
010010111111
010000000011
001101000100
001100010011
001011101000
001011110111
001101000000
001110011011
010001101100
010011100111
010001100011
001010011000
111111110011
110101100111
110000001111
110010000111
111010010100
000101010100
001110100011
010011001111
010010111111
010000000011
001101000100
001100010011
001011101000
001011110100
001100111111
001110110100
010000110000
010001011111
001111100111
001010101100
000011010111
111011001000
110011101111
101110111000
