948
907
847
768
675
567
447
315
176
32
-113
-257
-401
-541
-673
-797
-941
-1.04e+03
-1.13e+03
-1.2e+03
-1.26e+03
-1.3e+03
-1.32e+03
-1.33e+03
-1.33e+03
-1.31e+03
-1.28e+03
-1.23e+03
-1.18e+03
-1.11e+03
-1.04e+03
-953
-832
-736
-637
-536
-429
-324
-216
-108
0
108
216
324
431
535
636
736
803
927
1.02e+03
1.1e+03
1.17e+03
1.24e+03
1.3e+03
1.34e+03
1.37e+03
1.38e+03
1.38e+03
1.36e+03
1.33e+03
1.27e+03
1.2e+03
1.1e+03
963
804
667
519
363
203
40
-117
-273
-420
-553
-673
-777
-860
-920
-953
-936
-953
-920
-860
-777
-673
-553
-420
-273
-117
40
203
363
519
667
804
903
1.05e+03
1.16e+03
1.24e+03
1.32e+03
1.38e+03
1.42e+03
1.44e+03
1.45e+03
1.44e+03
1.42e+03
1.38e+03
1.32e+03
1.24e+03
1.16e+03
1.05e+03
963
859
708
547
372
192
8
-176
-353
-521
-676
-809
-921
-1e+03
-1.06e+03
-1.08e+03
-1.1e+03
-1.08e+03
-992
-872
-720
-544
-345
-136
80
295
500
688
852
987
1.09e+03
1.15e+03
1.14e+03
1.15e+03
1.09e+03
987
852
688
500
295
80
-136
-345
-544
-720
-872
-992
-1.08e+03
-1.15e+03
-1.13e+03
-1.1e+03
-1.03e+03
-932
-800
-644
-465
-273
-73
131
328
516
692
848
983
1.12e+03
1.17e+03
1.23e+03
1.26e+03
1.26e+03
1.24e+03
1.21e+03
1.16e+03
1.1e+03
1.03e+03
956
888
827
775
735
708
728
760
776
803
836
879
923
971
1.02e+03
1.06e+03
1.09e+03
1.11e+03
1.12e+03
1.11e+03
1.09e+03
1.05e+03
963
860
776
680
575
459
336
211
80
-52
-184
-313
-441
-564
-680
-789
-920
-980
-1.06e+03
-1.13e+03
-1.18e+03
-1.23e+03
-1.26e+03
-1.28e+03
-1.29e+03
-1.28e+03
-1.26e+03
-1.23e+03
-1.18e+03
-1.13e+03
-1.06e+03
-980
-920
-789
-680
-564
-441
-313
-184
-52
80
211
336
459
575
680
776
860
903
995
1.04e+03
1.08e+03
1.1e+03
1.12e+03
1.12e+03
1.11e+03
1.1e+03
1.07e+03
1.04e+03
1.02e+03
980
948
916
887
828
776
763
756
759
767
780
799
820
844
868
892
912
931
944
955
988
955
944
931
912
892
868
844
820
799
780
767
759
756
763
776
828
887
916
948
980
1.02e+03
1.04e+03
1.07e+03
1.1e+03
1.11e+03
1.12e+03
1.12e+03
1.1e+03
1.08e+03
1.04e+03
995
963
915
819
708
584
451
304
155
0
-153
-305
-449
-585
-709
-820
-913
-1.02e+03
-1.05e+03
-1.09e+03
-1.11e+03
-1.12e+03
-1.11e+03
-1.09e+03
-1.05e+03
-1.01e+03
-969
-924
-877
-837
-804
-777
-761
-788
-761
-777
-804
-837
-877
-924
-969
-1.01e+03
-1.05e+03
-1.09e+03
-1.11e+03
-1.12e+03
-1.11e+03
-1.09e+03
-1.05e+03
-961
-861
-776
-680
-573
-460
-337
-209
-80
52
184
315
440
564
680
788
860
927
1.02e+03
1.1e+03
1.17e+03
1.24e+03
1.3e+03
1.34e+03
1.37e+03
1.38e+03
1.38e+03
1.36e+03
1.33e+03
1.27e+03
1.2e+03
1.1e+03
963
804
667
519
363
203
40
-117
-273
-420
-553
-673
-777
-860
-920
-953
-996
-1.01e+03
-961
-888
-788
-665
-521
-364
-193
-16
163
339
507
663
804
928
1.06e+03
1.17e+03
1.23e+03
1.26e+03
1.26e+03
1.24e+03
1.21e+03
1.16e+03
1.1e+03
1.03e+03
956
888
827
775
735
708
728
760
776
803
836
879
923
971
1.02e+03
1.06e+03
1.09e+03
1.11e+03
1.12e+03
1.11e+03
1.09e+03
1.05e+03
1.02e+03
915
819
708
584
451
304
155
0
-153
-305
-449
-585
-709
-820
-913
-961
-996
-1.05e+03
-1.08e+03
-1.11e+03
-1.12e+03
-1.12e+03
-1.11e+03
-1.09e+03
-1.07e+03
-1.04e+03
-1.01e+03
-981
-948
-916
-885
-888
-829
-805
-785
-769
-757
-748
-744
-741
-744
-748
-757
-769
-785
-805
-829
-829
-833
-873
-920
-969
-1.02e+03
-1.08e+03
-1.13e+03
-1.17e+03
-1.21e+03
-1.24e+03
-1.25e+03
-1.25e+03
-1.23e+03
-1.18e+03
-1.12e+03
-1e+03
-929
-805
-664
-505
-337
-161
16
192
363
523
664
788
888
963
1.01e+03
1.06e+03
1.01e+03
963
888
788
664
523
363
192
16
-161
-337
-505
-664
-805
-929
-1.06e+03
-1.17e+03
-1.23e+03
-1.26e+03
-1.26e+03
-1.24e+03
-1.21e+03
-1.16e+03
-1.09e+03
-1.03e+03
-956
-888
-825
-773
-733
-708
-669
-708
-733
-773
-825
-888
-956
-1.03e+03
-1.09e+03
-1.16e+03
-1.21e+03
-1.24e+03
-1.26e+03
-1.26e+03
-1.23e+03
-1.17e+03
-1.12e+03
-981
-848
-692
-517
-328
-129
72
272
464
643
800
932
1.03e+03
1.1e+03
1.13e+03
1.1e+03
1.02e+03
948
843
708
552
379
192
0
-193
-380
-553
-709
-841
-948
-1.02e+03
-1.1e+03
-1.13e+03
-1.1e+03
-1.03e+03
-932
-800
-644
-465
-273
-73
131
328
516
692
848
983
1.06e+03
1.12e+03
1.18e+03
1.23e+03
1.25e+03
1.25e+03
1.24e+03
1.21e+03
1.18e+03
1.13e+03
1.08e+03
1.02e+03
971
919
872
832
828
831
807
787
768
756
748
743
740
743
748
756
768
787
807
831
888
887
916
948
980
1.02e+03
1.04e+03
1.07e+03
1.1e+03
1.11e+03
1.12e+03
1.12e+03
1.1e+03
1.08e+03
1.04e+03
995
903
860
776
680
575
459
336
211
80
-52
-184
-313
-441
-564
-680
-789
-920
-980
-1.06e+03
-1.13e+03
-1.18e+03
-1.23e+03
-1.26e+03
-1.28e+03
-1.29e+03
-1.28e+03
-1.26e+03
-1.23e+03
-1.18e+03
-1.13e+03
-1.06e+03
-980
-861
-736
-637
-536
-429
-324
-216
-108
0
108
216
324
431
535
636
736
803
927
1.02e+03
1.1e+03
1.17e+03
1.24e+03
1.3e+03
1.34e+03
1.37e+03
1.38e+03
1.38e+03
1.36e+03
1.33e+03
1.27e+03
1.2e+03
1.1e+03
963
804
667
519
363
203
40
-117
-273
-420
-553
-673
-777
-860
-920
-953
-936
-953
-920
-860
-777
-673
-553
-420
-273
-117
40
203
363
519
667
804
963
1.1e+03
1.2e+03
1.27e+03
1.33e+03
1.36e+03
1.38e+03
1.38e+03
1.37e+03
1.34e+03
1.3e+03
1.24e+03
1.17e+03
1.1e+03
1.02e+03
927
860
788
680
564
440
315
184
52
-80
-209
-337
-460
-573
-680
-776
-861
-904
-996
-1.05e+03
-1.08e+03
-1.11e+03
-1.12e+03
-1.12e+03
-1.11e+03
-1.09e+03
-1.07e+03
-1.04e+03
-1.01e+03
-981
-948
-916
-885
-829
-777
-764
-757
-757
-768
-781
-800
-821
-845
-869
-892
-913
-932
-945
-953
-988
-953
-945
-932
-913
-892
-869
-845
-821
-800
-781
-768
-757
-757
-764
-777
-769
-833
-873
-920
-969
-1.02e+03
-1.08e+03
-1.13e+03
-1.17e+03
-1.21e+03
-1.24e+03
-1.25e+03
-1.25e+03
-1.23e+03
-1.18e+03
-1.12e+03
-1e+03
-929
-805
-664
-505
-337
-161
16
192
363
523
664
788
888
963
1.01e+03
1.06e+03
1.01e+03
963
888
788
664
523
363
192
16
-161
-337
-505
-664
-805
-929
-1e+03
-1.12e+03
-1.18e+03
-1.23e+03
-1.25e+03
-1.25e+03
-1.24e+03
-1.21e+03
-1.17e+03
-1.13e+03
-1.08e+03
-1.02e+03
-969
-920
-873
-833
-769
-777
-764
-757
-757
-768
-781
-800
-821
-845
-869
-892
-913
-932
-945
-953
-929
-901
-901
-901
-901
-901
-901
-901
-901
-901
-901
-901
-901
-901
-901
-901
-869
-901
-901
-901
-901
-901
-901
-901
-901
-901
-901
-901
-901
-901
-901
-901
-869
-901
-901
-901
-901
-901
-901
-901
-901
-901
-901
-901
-901
-901
-901
-901
-929
-953
-945
-932
-913
-892
-869
-845
-821
-800
-781
-768
-757
-757
-764
-777
-829
-885
-916
-948
-981
-1.01e+03
-1.04e+03
-1.07e+03
-1.09e+03
-1.11e+03
-1.12e+03
-1.12e+03
-1.11e+03
-1.08e+03
-1.05e+03
-996
-904
-861
-776
-680
-573
-460
-337
-209
-80
52
184
315
440
564
680
788
920
980
1.06e+03
1.13e+03
1.18e+03
1.23e+03
1.26e+03
1.28e+03
1.29e+03
1.28e+03
1.26e+03
1.23e+03
1.18e+03
1.13e+03
1.06e+03
980
860
736
636
535
431
324
216
108
0
-108
-216
-324
-429
-536
-637
-736
-861
-980
-1.06e+03
-1.13e+03
-1.18e+03
-1.23e+03
-1.26e+03
-1.28e+03
-1.29e+03
-1.28e+03
-1.26e+03
-1.23e+03
-1.18e+03
-1.13e+03
-1.06e+03
-980
-920
-789
-680
-564
-441
-313
-184
-52
80
211
336
459
575
680
776
860
903
995
1.04e+03
1.08e+03
1.1e+03
1.12e+03
1.12e+03
1.11e+03
1.1e+03
1.07e+03
1.04e+03
1.02e+03
980
948
916
887
888
831
807
787
768
756
748
743
740
743
748
756
768
787
807
831
828
832
872
919
971
1.02e+03
1.08e+03
1.13e+03
1.18e+03
1.21e+03
1.24e+03
1.25e+03
1.25e+03
1.23e+03
1.18e+03
1.12e+03
1e+03
928
804
663
507
339
163
-16
-193
-364
-521
-665
-788
-888
-961
-1.01e+03
-1.05e+03
-1.01e+03
-961
-888
-788
-665
-521
-364
-193
-16
163
339
507
663
804
928
1.06e+03
1.17e+03
1.23e+03
1.26e+03
1.26e+03
1.24e+03
1.21e+03
1.16e+03
1.1e+03
1.03e+03
956
888
827
775
735
708
728
760
776
803
836
879
923
971
1.02e+03
1.06e+03
1.09e+03
1.11e+03
1.12e+03
1.11e+03
1.09e+03
1.05e+03
963
860
776
680
575
459
336
211
80
-52
-184
-313
-441
-564
-680
-789
-920
-980
-1.06e+03
-1.13e+03
-1.18e+03
-1.23e+03
-1.26e+03
-1.28e+03
-1.29e+03
-1.28e+03
-1.26e+03
-1.23e+03
-1.18e+03
-1.13e+03
-1.06e+03
-980
-861
-736
-637
-536
-429
-324
-216
-108
0
108
216
324
431
535
636
736
803
927
1.02e+03
1.1e+03
1.17e+03
1.24e+03
1.3e+03
1.34e+03
1.37e+03
1.38e+03
1.38e+03
1.36e+03
1.33e+03
1.27e+03
1.2e+03
1.1e+03
963
804
667
519
363
203
40
-117
-273
-420
-553
-673
-777
-860
-920
-953
-996
-1.01e+03
-961
-888
-788
-665
-521
-364
-193
-16
163
339
507
663
804
928
1.06e+03
1.17e+03
1.23e+03
1.26e+03
1.26e+03
1.24e+03
1.21e+03
1.16e+03
1.1e+03
1.03e+03
956
888
827
775
735
708
668
708
735
775
827
888
956
1.03e+03
1.1e+03
1.16e+03
1.21e+03
1.24e+03
1.26e+03
1.26e+03
1.23e+03
1.17e+03
1.06e+03
928
804
663
507
339
163
-16
-193
-364
-521
-665
-788
-888
-961
-1.01e+03
-996
-953
-920
-860
-777
-673
-553
-420
-273
-117
40
203
363
519
667
804
903
1.05e+03
1.16e+03
1.24e+03
1.32e+03
1.38e+03
1.42e+03
1.44e+03
1.45e+03
1.44e+03
1.42e+03
1.38e+03
1.32e+03
1.24e+03
1.16e+03
1.05e+03
903
804
667
519
363
203
40
-117
-273
-420
-553
-673
-777
-860
-920
-953
-936
-953
-920
-860
-777
-673
-553
-420
-273
-117
40
203
363
519
667
804
903
1.05e+03
1.16e+03
1.24e+03
1.32e+03
1.38e+03
1.42e+03
1.44e+03
1.45e+03
1.44e+03
1.42e+03
1.38e+03
1.32e+03
1.24e+03
1.16e+03
1.05e+03
903
804
667
519
363
203
40
-117
-273
-420
-553
-673
-777
-860
-920
-953
-936
-953
-920
-860
-777
-673
-553
-420
-273
-117
40
203
363
519
667
804
963
1.1e+03
1.2e+03
1.27e+03
1.33e+03
1.36e+03
1.38e+03
1.38e+03
1.37e+03
1.34e+03
1.3e+03
1.24e+03
1.17e+03
1.1e+03
1.02e+03
927
860
788
680
564
440
315
184
52
-80
-209
-337
-460
-573
-680
-776
-861
-961
-1.05e+03
-1.09e+03
-1.11e+03
-1.12e+03
-1.11e+03
-1.09e+03
-1.05e+03
-1.01e+03
-969
-924
-877
-837
-804
-777
-761
-788
-761
-777
-804
-837
-877
-924
-969
-1.01e+03
-1.05e+03
-1.09e+03
-1.11e+03
-1.12e+03
-1.11e+03
-1.09e+03
-1.05e+03
-961
-861
-776
-680
-573
-460
-337
-209
-80
52
184
315
440
564
680
788
860
927
1.02e+03
1.1e+03
1.17e+03
1.24e+03
1.3e+03
1.34e+03
1.37e+03
1.38e+03
1.38e+03
1.36e+03
1.33e+03
1.27e+03
1.2e+03
1.1e+03
963
804
667
519
363
203
40
-117
-273
-420
-553
-673
-777
-860
-920
-953
-936
-953
-920
-860
-777
-673
-553
-420
-273
-117
40
203
363
519
667
804
903
1.05e+03
1.16e+03
1.24e+03
1.32e+03
1.38e+03
1.42e+03
1.44e+03
1.45e+03
1.44e+03
1.42e+03
1.38e+03
1.32e+03
1.24e+03
1.16e+03
1.05e+03
963
859
708
547
372
192
8
-176
-353
-521
-676
-809
-921
-1e+03
-1.06e+03
-1.08e+03
-1.04e+03
-1.02e+03
-948
-841
-709
-553
-380
-193
0
192
379
552
708
843
948
1.02e+03
1.04e+03
1.08e+03
1.06e+03
1e+03
920
811
675
523
352
175
-9
-193
-373
-548
-709
-857
-961
-1.05e+03
-1.16e+03
-1.24e+03
-1.32e+03
-1.37e+03
-1.42e+03
-1.44e+03
-1.45e+03
-1.44e+03
-1.42e+03
-1.37e+03
-1.32e+03
-1.24e+03
-1.16e+03
-1.05e+03
-904
-805
-665
-517
-361
-201
-41
119
272
420
555
675
776
859
919
955
995
1.01e+03
963
888
788
664
523
363
192
16
-161
-337
-505
-664
-805
-929
-1.06e+03
-1.17e+03
-1.23e+03
-1.26e+03
-1.26e+03
-1.24e+03
-1.21e+03
-1.16e+03
-1.09e+03
-1.03e+03
-956
-888
-825
-773
-733
-708
-728
-761
-777
-804
-837
-877
-924
-969
-1.01e+03
-1.05e+03
-1.09e+03
-1.11e+03
-1.12e+03
-1.11e+03
-1.09e+03
-1.05e+03
-961
-861
-776
-680
-573
-460
-337
-209
-80
52
184
315
440
564
680
788
920
980
1.06e+03
1.13e+03
1.18e+03
1.23e+03
1.26e+03
1.28e+03
1.29e+03
1.28e+03
1.26e+03
1.23e+03
1.18e+03
1.13e+03
1.06e+03
980
860
736
636
535
431
324
216
108
0
-108
-216
-324
-429
-536
-637
-736
-861
-980
-1.06e+03
-1.13e+03
-1.18e+03
-1.23e+03
-1.26e+03
-1.28e+03
-1.29e+03
-1.28e+03
-1.26e+03
-1.23e+03
-1.18e+03
-1.13e+03
-1.06e+03
-980
-861
-736
-637
-536
-429
-324
-216
-108
0
108
216
324
431
535
636
736
803
927
1.02e+03
1.1e+03
1.17e+03
1.24e+03
1.3e+03
1.34e+03
1.37e+03
1.38e+03
1.38e+03
1.36e+03
1.33e+03
1.27e+03
1.2e+03
1.1e+03
963
804
667
519
363
203
40
-117
-273
-420
-553
-673
-777
-860
-920
-953
-936
-953
-920
-860
-777
-673
-553
-420
-273
-117
40
203
363
519
667
804
963
1.1e+03
1.2e+03
1.27e+03
1.33e+03
1.36e+03
1.38e+03
1.38e+03
1.37e+03
1.34e+03
1.3e+03
1.24e+03
1.17e+03
1.1e+03
1.02e+03
927
860
788
680
564
440
315
184
52
-80
-209
-337
-460
-573
-680
-776
-861
-961
-1.05e+03
-1.09e+03
-1.11e+03
-1.12e+03
-1.11e+03
-1.09e+03
-1.05e+03
-1.01e+03
-969
-924
-877
-837
-804
-777
-761
-728
-708
-733
-773
-825
-888
-956
-1.03e+03
-1.09e+03
-1.16e+03
-1.21e+03
-1.24e+03
-1.26e+03
-1.26e+03
-1.23e+03
-1.17e+03
-1.06e+03
-929
-805
-664
-505
-337
-161
16
192
363
523
664
788
888
963
1.01e+03
995
955
919
859
776
675
555
420
272
119
-41
-201
-361
-517
-665
-805
-904
-1.05e+03
-1.16e+03
-1.24e+03
-1.32e+03
-1.37e+03
-1.42e+03
-1.44e+03
-1.45e+03
-1.44e+03
-1.42e+03
-1.37e+03
-1.32e+03
-1.24e+03
-1.16e+03
-1.05e+03
-904
-805
-665
-517
-361
-201
-41
119
272
420
555
675
776
859
919
955
995
1.01e+03
963
888
788
664
523
363
192
16
-161
-337
-505
-664
-805
-929
-1e+03
-1.12e+03
-1.18e+03
-1.23e+03
-1.25e+03
-1.25e+03
-1.24e+03
-1.21e+03
-1.17e+03
-1.13e+03
-1.08e+03
-1.02e+03
-969
-920
-873
-833
-829
-829
-805
-785
-769
-757
-748
-744
-741
-744
-748
-757
-769
-785
-805
-829
-829
-833
-873
-920
-969
-1.02e+03
-1.08e+03
-1.13e+03
-1.17e+03
-1.21e+03
-1.24e+03
-1.25e+03
-1.25e+03
-1.23e+03
-1.18e+03
-1.12e+03
-1.06e+03
-981
-848
-692
-517
-328
-129
72
272
464
643
800
932
1.03e+03
1.1e+03
1.13e+03
1.1e+03
1.02e+03
948
843
708
552
379
192
0
-193
-380
-553
-709
-841
-948
-1.02e+03
-1.1e+03
-1.13e+03
-1.1e+03
-1.03e+03
-932
-800
-644
-465
-273
-73
131
328
516
692
848
983
1.12e+03
1.17e+03
1.23e+03
1.26e+03
1.26e+03
1.24e+03
1.21e+03
1.16e+03
1.1e+03
1.03e+03
956
888
827
775
735
708
668
708
735
775
827
888
956
1.03e+03
1.1e+03
1.16e+03
1.21e+03
1.24e+03
1.26e+03
1.26e+03
1.23e+03
1.17e+03
1.06e+03
928
804
663
507
339
163
-16
-193
-364
-521
-665
-788
-888
-961
-1.01e+03
-1.05e+03
-1.01e+03
-961
-888
-788
-665
-521
-364
-193
-16
163
339
507
663
804
928
1.06e+03
1.17e+03
1.23e+03
1.26e+03
1.26e+03
1.24e+03
1.21e+03
1.16e+03
1.1e+03
1.03e+03
956
888
827
775
735
708
668
708
735
775
827
888
956
1.03e+03
1.1e+03
1.16e+03
1.21e+03
1.24e+03
1.26e+03
1.26e+03
1.23e+03
1.17e+03
1.12e+03
983
848
692
516
328
131
-73
-273
-465
-644
-800
-932
-1.03e+03
-1.1e+03
-1.13e+03
-1.1e+03
-1.02e+03
-948
-841
-709
-553
-380
-193
0
192
379
552
708
843
948
1.02e+03
1.04e+03
1.08e+03
1.06e+03
1e+03
920
811
675
523
352
175
-9
-193
-373
-548
-709
-857
-1.02e+03
-1.1e+03
-1.2e+03
-1.27e+03
-1.33e+03
-1.36e+03
-1.38e+03
-1.38e+03
-1.37e+03
-1.34e+03
-1.29e+03
-1.24e+03
-1.17e+03
-1.1e+03
-1.02e+03
-928
-801
-736
-637
-536
-429
-324
-216
-108
0
108
216
324
431
535
636
736
803
927
1.02e+03
1.1e+03
1.17e+03
1.24e+03
1.3e+03
1.34e+03
1.37e+03
1.38e+03
1.38e+03
1.36e+03
1.33e+03
1.27e+03
1.2e+03
1.1e+03
1.02e+03
859
708
547
372
192
8
-176
-353
-521
-676
-809
-921
-1e+03
-1.06e+03
-1.08e+03
-1.04e+03
-1.02e+03
-948
-841
-709
-553
-380
-193
0
192
379
552
708
843
948
1.02e+03
1.04e+03
1.08e+03
1.06e+03
1e+03
920
811
675
523
352
175
-9
-193
-373
-548
-709
-857
-1.02e+03
-1.1e+03
-1.2e+03
-1.27e+03
-1.33e+03
-1.36e+03
-1.38e+03
-1.38e+03
-1.37e+03
-1.34e+03
-1.29e+03
-1.24e+03
-1.17e+03
-1.1e+03
-1.02e+03
-928
-861
-789
-680
-564
-441
-313
-184
-52
80
211
336
459
575
680
776
860
963
1.05e+03
1.09e+03
1.11e+03
1.12e+03
1.11e+03
1.09e+03
1.06e+03
1.02e+03
971
923
879
836
803
776
760
787
760
776
803
836
879
923
971
1.02e+03
1.06e+03
1.09e+03
1.11e+03
1.12e+03
1.11e+03
1.09e+03
1.05e+03
963
860
776
680
575
459
336
211
80
-52
-184
-313
-441
-564
-680
-789
-920
-980
-1.06e+03
-1.13e+03
-1.18e+03
-1.23e+03
-1.26e+03
-1.28e+03
-1.29e+03
-1.28e+03
-1.26e+03
-1.23e+03
-1.18e+03
-1.13e+03
-1.06e+03
-980
-861
-736
-637
-536
-429
-324
-216
-108
0
108
216
324
431
535
636
736
860
980
1.06e+03
1.13e+03
1.18e+03
1.23e+03
1.26e+03
1.28e+03
1.29e+03
1.28e+03
1.26e+03
1.23e+03
1.18e+03
1.13e+03
1.06e+03
980
920
788
680
564
440
315
184
52
-80
-209
-337
-460
-573
-680
-776
-861
-904
-996
-1.05e+03
-1.08e+03
-1.11e+03
-1.12e+03
-1.12e+03
-1.11e+03
-1.09e+03
-1.07e+03
-1.04e+03
-1.01e+03
-981
-948
-916
-885
-888
-829
-805
-785
-769
-757
-748
-744
-741
-744
-748
-757
-769
-785
-805
-829
-829
-833
-873
-920
-969
-1.02e+03
-1.08e+03
-1.13e+03
-1.17e+03
-1.21e+03
-1.24e+03
-1.25e+03
-1.25e+03
-1.23e+03
-1.18e+03
-1.12e+03
-1e+03
-929
-805
-664
-505
-337
-161
16
192
363
523
664
788
888
963
1.01e+03
995
955
919
859
776
675
555
420
272
119
-41
-201
-361
-517
-665
-805
-904
-1.05e+03
-1.16e+03
-1.24e+03
-1.32e+03
-1.37e+03
-1.42e+03
-1.44e+03
-1.45e+03
-1.44e+03
-1.42e+03
-1.37e+03
-1.32e+03
-1.24e+03
-1.16e+03
-1.05e+03
-961
-857
-709
-548
-373
-193
-9
175
352
523
675
811
920
1e+03
1.06e+03
1.08e+03
1.04e+03
1.02e+03
948
843
708
552
379
192
0
-193
-380
-553
-709
-841
-948
-1.02e+03
-1.1e+03
-1.13e+03
-1.1e+03
-1.03e+03
-932
-800
-644
-465
-273
-73
131
328
516
692
848
983
1.06e+03
1.12e+03
1.18e+03
1.23e+03
1.25e+03
1.25e+03
1.24e+03
1.21e+03
1.18e+03
1.13e+03
1.08e+03
1.02e+03
971
919
872
832
828
831
807
787
768
756
748
743
740
743
748
756
768
787
807
831
828
832
872
919
971
1.02e+03
1.08e+03
1.13e+03
1.18e+03
1.21e+03
1.24e+03
1.25e+03
1.25e+03
1.23e+03
1.18e+03
1.12e+03
1e+03
928
804
663
507
339
163
-16
-193
-364
-521
-665
-788
-888
-961
-1.01e+03
-1.05e+03
-1.01e+03
-961
-888
-788
-665
-521
-364
-193
-16
163
339
507
663
804
928
1e+03
1.12e+03
1.18e+03
1.23e+03
1.25e+03
1.25e+03
1.24e+03
1.21e+03
1.18e+03
1.13e+03
1.08e+03
1.02e+03
971
919
872
832
828
831
807
787
768
756
748
743
740
743
748
756
768
787
807
831
888
887
916
948
980
1.02e+03
1.04e+03
1.07e+03
1.1e+03
1.11e+03
1.12e+03
1.12e+03
1.1e+03
1.08e+03
1.04e+03
995
903
860
776
680
575
459
336
211
80
-52
-184
-313
-441
-564
-680
-789
-861
-928
-1.02e+03
-1.1e+03
-1.17e+03
-1.24e+03
-1.29e+03
-1.34e+03
-1.37e+03
-1.38e+03
-1.38e+03
-1.36e+03
-1.33e+03
-1.27e+03
-1.2e+03
-1.1e+03
-961
-805
-665
-517
-361
-201
-41
119
272
420
555
675
776
859
919
955
995
1.01e+03
963
888
788
664
523
363
192
16
-161
-337
-505
-664
-805
-929
-1.06e+03
-1.17e+03
-1.23e+03
-1.26e+03
-1.26e+03
-1.24e+03
-1.21e+03
-1.16e+03
-1.09e+03
-1.03e+03
-956
-888
-825
-773
-733
-708
-728
-761
-777
-804
-837
-877
-924
-969
-1.01e+03
-1.05e+03
-1.09e+03
-1.11e+03
-1.12e+03
-1.11e+03
-1.09e+03
-1.05e+03
-961
-861
-776
-680
-573
-460
-337
-209
-80
52
184
315
440
564
680
788
860
927
1.02e+03
1.1e+03
1.17e+03
1.24e+03
1.3e+03
1.34e+03
1.37e+03
1.38e+03
1.38e+03
1.36e+03
1.33e+03
1.27e+03
1.2e+03
1.1e+03
1.02e+03
859
708
547
372
192
8
-176
-353
-521
-676
-809
-921
-1e+03
-1.06e+03
-1.08e+03
-1.04e+03
-1.02e+03
-948
-841
-709
-553
-380
-193
0
192
379
552
708
843
948
1.02e+03
1.04e+03
1.08e+03
1.06e+03
1e+03
920
811
675
523
352
175
-9
-193
-373
-548
-709
-857
-1.02e+03
-1.1e+03
-1.2e+03
-1.27e+03
-1.33e+03
-1.36e+03
-1.38e+03
-1.38e+03
-1.37e+03
-1.34e+03
-1.29e+03
-1.24e+03
-1.17e+03
-1.1e+03
-1.02e+03
-928
-801
-736
-637
-536
-429
-324
-216
-108
0
108
216
324
431
535
636
736
803
927
1.02e+03
1.1e+03
1.17e+03
1.24e+03
1.3e+03
1.34e+03
1.37e+03
1.38e+03
1.38e+03
1.36e+03
1.33e+03
1.27e+03
1.2e+03
1.1e+03
963
804
667
519
363
203
40
-117
-273
-420
-553
-673
-777
-860
-920
-953
-996
-1.01e+03
-961
-888
-788
-665
-521
-364
-193
-16
163
339
507
663
804
928
1.06e+03
1.17e+03
1.23e+03
1.26e+03
1.26e+03
1.24e+03
1.21e+03
1.16e+03
1.1e+03
1.03e+03
956
888
827
775
735
708
668
708
735
775
827
888
956
1.03e+03
1.1e+03
1.16e+03
1.21e+03
1.24e+03
1.26e+03
1.26e+03
1.23e+03
1.17e+03
1.06e+03
928
804
663
507
339
163
-16
-193
-364
-521
-665
-788
-888
-961
-1.01e+03
-996
-953
-920
-860
-777
-673
-553
-420
-273
-117
40
203
363
519
667
804
963
1.1e+03
1.2e+03
1.27e+03
1.33e+03
1.36e+03
1.38e+03
1.38e+03
1.37e+03
1.34e+03
1.3e+03
1.24e+03
1.17e+03
1.1e+03
1.02e+03
927
803
736
636
535
431
324
216
108
0
-108
-216
-324
-429
-536
-637
-736
-861
-980
-1.06e+03
-1.13e+03
-1.18e+03
-1.23e+03
-1.26e+03
-1.28e+03
-1.29e+03
-1.28e+03
-1.26e+03
-1.23e+03
-1.18e+03
-1.13e+03
-1.06e+03
-980
-861
-736
-637
-536
-429
-324
-216
-108
0
108
216
324
431
535
636
736
803
927
1.02e+03
1.1e+03
1.17e+03
1.24e+03
1.3e+03
1.34e+03
1.37e+03
1.38e+03
1.38e+03
1.36e+03
1.33e+03
1.27e+03
1.2e+03
1.1e+03
1.02e+03
859
708
547
372
192
8
-176
-353
-521
-676
-809
-921
-1e+03
-1.06e+03
-1.08e+03
-1.1e+03
-1.08e+03
-992
-872
-720
-544
-345
-136
80
295
500
688
852
987
1.09e+03
1.15e+03
1.14e+03
1.15e+03
1.09e+03
987
852
688
500
295
80
-136
-345
-544
-720
-872
-992
-1.08e+03
-1.15e+03
-1.13e+03
-1.1e+03
-1.03e+03
-932
-800
-644
-465
-273
-73
131
328
516
692
848
983
1.06e+03
1.12e+03
1.18e+03
1.23e+03
1.25e+03
1.25e+03
1.24e+03
1.21e+03
1.18e+03
1.13e+03
1.08e+03
1.02e+03
971
919
872
832
828
831
807
787
768
756
748
743
740
743
748
756
768
787
807
831
888
887
916
948
980
1.02e+03
1.04e+03
1.07e+03
1.1e+03
1.11e+03
1.12e+03
1.12e+03
1.1e+03
1.08e+03
1.04e+03
995
963
915
819
708
584
451
304
155
0
-153
-305
-449
-585
-709
-820
-913
-961
-996
-1.05e+03
-1.08e+03
-1.11e+03
-1.12e+03
-1.12e+03
-1.11e+03
-1.09e+03
-1.07e+03
-1.04e+03
-1.01e+03
-981
-948
-916
-885
-829
-777
-764
-757
-757
-768
-781
-800
-821
-845
-869
-892
-913
-932
-945
-953
-929
-901
-901
-901
-901
-901
-901
-901
-901
-901
-901
-901
-901
-901
-901
-901
-929
-953
-945
-932
-913
-892
-869
-845
-821
-800
-781
-768
-757
-757
-764
-777
-829
-885
-916
-948
-981
-1.01e+03
-1.04e+03
-1.07e+03
-1.09e+03
-1.11e+03
-1.12e+03
-1.12e+03
-1.11e+03
-1.08e+03
-1.05e+03
-996
-904
-861
-776
-680
-573
-460
-337
-209
-80
52
184
315
440
564
680
788
920
980
1.06e+03
1.13e+03
1.18e+03
1.23e+03
1.26e+03
1.28e+03
1.29e+03
1.28e+03
1.26e+03
1.23e+03
1.18e+03
1.13e+03
1.06e+03
980
860
736
636
535
431
324
216
108
0
-108
-216
-324
-429
-536
-637
-736
-861
-980
-1.06e+03
-1.13e+03
-1.18e+03
-1.23e+03
-1.26e+03
-1.28e+03
-1.29e+03
-1.28e+03
-1.26e+03
-1.23e+03
-1.18e+03
-1.13e+03
-1.06e+03
-980
-861
-736
-637
-536
-429
-324
-216
-108
0
108
216
324
431
535
636
736
860
980
1.06e+03
1.13e+03
1.18e+03
1.23e+03
1.26e+03
1.28e+03
1.29e+03
1.28e+03
1.26e+03
1.23e+03
1.18e+03
1.13e+03
1.06e+03
980
920
788
680
564
440
315
184
52
-80
-209
-337
-460
-573
-680
-776
-861
-904
-996
-1.05e+03
-1.08e+03
-1.11e+03
-1.12e+03
-1.12e+03
-1.11e+03
-1.09e+03
-1.07e+03
-1.04e+03
-1.01e+03
-981
-948
-916
-885
-829
-777
-764
-757
-757
-768
-781
-800
-821
-845
-869
-892
-913
-932
-945
-953
-929
-901
-901
-901
-901
-901
-901
-901
-901
-901
-901
-901
-901
-901
-901
-901
-929
-953
-945
-932
-913
-892
-869
-845
-821
-800
-781
-768
-757
-757
-764
-777
-829
-885
-916
-948
-981
-1.01e+03
-1.04e+03
-1.07e+03
-1.09e+03
-1.11e+03
-1.12e+03
-1.12e+03
-1.11e+03
-1.08e+03
-1.05e+03
-996
-904
-861
-776
-680
-573
-460
-337
-209
-80
52
184
315
440
564
680
788
860
927
1.02e+03
1.1e+03
1.17e+03
1.24e+03
1.3e+03
1.34e+03
1.37e+03
1.38e+03
1.38e+03
1.36e+03
1.33e+03
1.27e+03
1.2e+03
1.1e+03
1.02e+03
859
708
547
372
192
8
-176
-353
-521
-676
-809
-921
-1e+03
-1.06e+03
-1.08e+03
-1.1e+03
-1.08e+03
-992
-872
-720
-544
-345
-136
80
295
500
688
852
987
1.09e+03
1.15e+03
1.2e+03
1.2e+03
1.13e+03
1.02e+03
864
679
467
239
0
-237
-468
-680
-864
-1.02e+03
-1.13e+03
-1.2e+03
-1.26e+03
-1.2e+03
-1.13e+03
-1.02e+03
-864
-680
-468
-237
0
239
467
679
864
1.02e+03
1.13e+03
1.2e+03
1.26e+03
1.2e+03
1.13e+03
1.02e+03
864
679
467
239
0
-237
-468
-680
-864
-1.02e+03
-1.13e+03
-1.2e+03
-1.26e+03
-1.2e+03
-1.13e+03
-1.02e+03
-864
-680
-468
-237
0
239
467
679
864
1.02e+03
1.13e+03
1.2e+03
1.2e+03
1.15e+03
1.09e+03
987
852
688
500
295
80
-136
-345
-544
-720
-872
-992
-1.08e+03
-1.15e+03
-1.13e+03
-1.1e+03
-1.03e+03
-932
-800
-644
-465
-273
-73
131
328
516
692
848
983
1.06e+03
1.12e+03
1.18e+03
1.23e+03
1.25e+03
1.25e+03
1.24e+03
1.21e+03
1.18e+03
1.13e+03
1.08e+03
1.02e+03
971
919
872
832
828
831
807
787
768
756
748
743
740
743
748
756
768
787
807
831
888
887
916
948
980
1.02e+03
1.04e+03
1.07e+03
1.1e+03
1.11e+03
1.12e+03
1.12e+03
1.1e+03
1.08e+03
1.04e+03
995
903
860
776
680
575
459
336
211
80
-52
-184
-313
-441
-564
-680
-789
-920
-980
-1.06e+03
-1.13e+03
-1.18e+03
-1.23e+03
-1.26e+03
-1.28e+03
-1.29e+03
-1.28e+03
-1.26e+03
-1.23e+03
-1.18e+03
-1.13e+03
-1.06e+03
-980
-920
-789
-680
-564
-441
-313
-184
-52
80
211
336
459
575
680
776
860
903
995
1.04e+03
1.08e+03
1.1e+03
1.12e+03
1.12e+03
1.11e+03
1.1e+03
1.07e+03
1.04e+03
1.02e+03
980
948
916
887
828
776
763
756
759
767
780
799
820
844
868
892
912
931
944
955
928
900
903
903
903
903
903
900
900
900
903
903
903
903
903
900
928
955
944
931
912
892
868
844
820
799
780
767
759
756
763
776
771
832
872
919
971
1.02e+03
1.08e+03
1.13e+03
1.18e+03
1.21e+03
1.24e+03
1.25e+03
1.25e+03
1.23e+03
1.18e+03
1.12e+03
1e+03
928
804
663
507
339
163
-16
-193
-364
-521
-665
-788
-888
-961
-1.01e+03
-1.05e+03
-1.01e+03
-961
-888
-788
-665
-521
-364
-193
-16
163
339
507
663
804
928
1e+03
1.12e+03
1.18e+03
1.23e+03
1.25e+03
1.25e+03
1.24e+03
1.21e+03
1.18e+03
1.13e+03
1.08e+03
1.02e+03
971
919
872
832
828
831
807
787
768
756
748
743
740
743
748
756
768
787
807
831
828
832
872
919
971
1.02e+03
1.08e+03
1.13e+03
1.18e+03
1.21e+03
1.24e+03
1.25e+03
1.25e+03
1.23e+03
1.18e+03
1.12e+03
1.06e+03
983
848
692
516
328
131
-73
-273
-465
-644
-800
-932
-1.03e+03
-1.1e+03
-1.13e+03
-1.1e+03
-1.02e+03
-948
-841
-709
-553
-380
-193
0
192
379
552
708
843
948
1.02e+03
1.04e+03
1.08e+03
1.06e+03
1e+03
920
811
675
523
352
175
-9
-193
-373
-548
-709
-857
-1.02e+03
-1.1e+03
-1.2e+03
-1.27e+03
-1.33e+03
-1.36e+03
-1.38e+03
-1.38e+03
-1.37e+03
-1.34e+03
-1.29e+03
-1.24e+03
-1.17e+03
-1.1e+03
-1.02e+03
-928
-861
-789
-680
-564
-441
-313
-184
-52
80
211
336
459
575
680
776
860
963
1.05e+03
1.09e+03
1.11e+03
1.12e+03
1.11e+03
1.09e+03
1.06e+03
1.02e+03
971
923
879
836
803
776
760
787
760
776
803
836
879
923
971
1.02e+03
1.06e+03
1.09e+03
1.11e+03
1.12e+03
1.11e+03
1.09e+03
1.05e+03
963
860
776
680
575
459
336
211
80
-52
-184
-313
-441
-564
-680
-789
-920
-980
-1.06e+03
-1.13e+03
-1.18e+03
-1.23e+03
-1.26e+03
-1.28e+03
-1.29e+03
-1.28e+03
-1.26e+03
-1.23e+03
-1.18e+03
-1.13e+03
-1.06e+03
-980
-920
-789
-680
-564
-441
-313
-184
-52
80
211
336
459
575
680
776
860
963
1.05e+03
1.09e+03
1.11e+03
1.12e+03
1.11e+03
1.09e+03
1.06e+03
1.02e+03
971
923
879
836
803
776
760
728
708
735
775
827
888
956
1.03e+03
1.1e+03
1.16e+03
1.21e+03
1.24e+03
1.26e+03
1.26e+03
1.23e+03
1.17e+03
1.06e+03
928
804
663
507
339
163
-16
-193
-364
-521
-665
-788
-888
-961
-1.01e+03
-1.05e+03
-1.01e+03
-961
-888
-788
-665
-521
-364
-193
-16
163
339
507
663
804
928
1e+03
1.12e+03
1.18e+03
1.23e+03
1.25e+03
1.25e+03
1.24e+03
1.21e+03
1.18e+03
1.13e+03
1.08e+03
1.02e+03
971
919
872
832
828
831
807
787
768
756
748
743
740
743
748
756
768
787
807
831
888
887
916
948
980
1.02e+03
1.04e+03
1.07e+03
1.1e+03
1.11e+03
1.12e+03
1.12e+03
1.1e+03
1.08e+03
1.04e+03
995
963
915
819
708
584
451
304
155
0
-153
-305
-449
-585
-709
-820
-913
-961
-996
-1.05e+03
-1.08e+03
-1.11e+03
-1.12e+03
-1.12e+03
-1.11e+03
-1.09e+03
-1.07e+03
-1.04e+03
-1.01e+03
-981
-948
-916
-885
-888
-829
-805
-785
-769
-757
-748
-744
-741
-744
-748
-757
-769
-785
-805
-829
-829
-833
-873
-920
-969
-1.02e+03
-1.08e+03
-1.13e+03
-1.17e+03
-1.21e+03
-1.24e+03
-1.25e+03
-1.25e+03
-1.23e+03
-1.18e+03
-1.12e+03
-1e+03
-929
-805
-664
-505
-337
-161
16
192
363
523
664
788
888
963
1.01e+03
1.06e+03
1.01e+03
963
888
788
664
523
363
192
16
-161
-337
-505
-664
-805
-929
-1e+03
-1.12e+03
-1.18e+03
-1.23e+03
-1.25e+03
-1.25e+03
-1.24e+03
-1.21e+03
-1.17e+03
-1.13e+03
-1.08e+03
-1.02e+03
-969
-920
-873
-833
-769
-777
-764
-757
-757
-768
-781
-800
-821
-845
-869
-892
-913
-932
-945
-953
-929
-901
-901
-901
-901
-901
-901
-901
-901
-901
-901
-901
-901
-901
-901
-901
-869
-901
-901
-901
-901
-901
-901
-901
-901
-901
-901
-901
-901
-901
-901
-901
-929
-953
-945
-932
-913
-892
-869
-845
-821
-800
-781
-768
-757
-757
-764
-777
-829
-885
-916
-948
-981
-1.01e+03
-1.04e+03
-1.07e+03
-1.09e+03
-1.11e+03
-1.12e+03
-1.12e+03
-1.11e+03
-1.08e+03
-1.05e+03
-996
-961
-913
-820
-709
-585
-449
-305
-153
0
155
304
451
584
708
819
915
1.02e+03
1.05e+03
1.09e+03
1.11e+03
1.12e+03
1.11e+03
1.09e+03
1.06e+03
1.02e+03
971
923
879
836
803
776
760
728
708
735
775
827
888
956
1.03e+03
1.1e+03
1.16e+03
1.21e+03
1.24e+03
1.26e+03
1.26e+03
1.23e+03
1.17e+03
1.06e+03
928
804
663
507
339
163
-16
-193
-364
-521
-665
-788
-888
-961
-1.01e+03
-1.05e+03
-1.01e+03
-961
-888
-788
-665
-521
-364
-193
-16
163
339
507
663
804
928
1e+03
1.12e+03
1.18e+03
1.23e+03
1.25e+03
1.25e+03
1.24e+03
1.21e+03
1.18e+03
1.13e+03
1.08e+03
1.02e+03
971
919
872
832
828
831
807
787
768
756
748
743
740
743
748
756
768
787
807
831
828
832
872
919
971
1.02e+03
1.08e+03
1.13e+03
1.18e+03
1.21e+03
1.24e+03
1.25e+03
1.25e+03
1.23e+03
1.18e+03
1.12e+03
1e+03
928
804
663
507
339
163
-16
-193
-364
-521
-665
-788
-888
-961
-1.01e+03
-1.05e+03
-1.01e+03
-961
-888
-788
-665
-521
-364
-193
-16
163
339
507
663
804
928
1e+03
1.12e+03
1.18e+03
1.23e+03
1.25e+03
1.25e+03
1.24e+03
1.21e+03
1.18e+03
1.13e+03
1.08e+03
1.02e+03
971
919
872
832
771
776
763
756
759
767
780
799
820
844
868
892
912
931
944
955
928
900
903
903
903
903
903
900
900
900
903
903
903
903
903
900
871
900
903
903
903
903
903
900
900
900
903
903
903
903
903
900
928
955
944
931
912
892
868
844
820
799
780
767
759
756
763
776
771
832
872
919
971
1.02e+03
1.08e+03
1.13e+03
1.18e+03
1.21e+03
1.24e+03
1.25e+03
1.25e+03
1.23e+03
1.18e+03
1.12e+03
1e+03
928
804
663
507
339
163
-16
-193
-364
-521
-665
-788
-888
-961
-1.01e+03
-1.05e+03
-1.01e+03
-961
-888
-788
-665
-521
-364
-193
-16
163
339
507
663
804
928
1.06e+03
1.17e+03
1.23e+03
1.26e+03
1.26e+03
1.24e+03
1.21e+03
1.16e+03
1.1e+03
1.03e+03
956
888
827
775
735
708
668
708
735
775
827
888
956
1.03e+03
1.1e+03
1.16e+03
1.21e+03
1.24e+03
1.26e+03
1.26e+03
1.23e+03
1.17e+03
1.06e+03
928
804
663
507
339
163
-16
-193
-364
-521
-665
-788
-888
-961
-1.01e+03
-996
-953
-920
-860
-777
-673
-553
-420
-273
-117
40
203
363
519
667
804
903
1.05e+03
1.16e+03
1.24e+03
1.32e+03
1.38e+03
1.42e+03
1.44e+03
1.45e+03
1.44e+03
1.42e+03
1.38e+03
1.32e+03
1.24e+03
1.16e+03
1.05e+03
963
859
708
547
372
192
8
-176
-353
-521
-676
-809
-921
-1e+03
-1.06e+03
-1.08e+03
-1.1e+03
-1.08e+03
-992
-872
-720
-544
-345
-136
80
295
500
688
852
987
1.09e+03
1.15e+03
1.14e+03
1.15e+03
1.09e+03
987
852
688
500
295
80
-136
-345
-544
-720
-872
-992
-1.08e+03
-1.15e+03
-1.13e+03
-1.1e+03
-1.03e+03
-932
-800
-644
-465
-273
-73
131
328
516
692
848
983
1.06e+03
1.12e+03
1.18e+03
1.23e+03
1.25e+03
1.25e+03
1.24e+03
1.21e+03
1.18e+03
1.13e+03
1.08e+03
1.02e+03
971
919
872
832
828
831
807
787
768
756
748
743
740
743
748
756
768
787
807
831
828
832
872
919
971
1.02e+03
1.08e+03
1.13e+03
1.18e+03
1.21e+03
1.24e+03
1.25e+03
1.25e+03
1.23e+03
1.18e+03
1.12e+03
1.06e+03
983
848
692
516
328
131
-73
-273
-465
-644
-800
-932
-1.03e+03
-1.1e+03
-1.13e+03
-1.1e+03
-1.02e+03
-948
-841
-709
-553
-380
-193
0
192
379
552
708
843
948
1.02e+03
1.1e+03
1.13e+03
1.1e+03
1.03e+03
932
800
643
464
272
72
-129
-328
-517
-692
-848
-981
-1.06e+03
-1.12e+03
-1.18e+03
-1.23e+03
-1.25e+03
-1.25e+03
-1.24e+03
-1.21e+03
-1.17e+03
-1.13e+03
-1.08e+03
-1.02e+03
-969
-920
-873
-833
-829
-829
-805
-785
-769
-757
-748
-744
-741
-744
-748
-757
-769
-785
-805
-829
-888
-885
-916
-948
-981
-1.01e+03
-1.04e+03
-1.07e+03
-1.09e+03
-1.11e+03
-1.12e+03
-1.12e+03
-1.11e+03
-1.08e+03
-1.05e+03
-996
-961
-913
-820
-709
-585
-449
-305
-153
0
155
304
451
584
708
819
915
1.02e+03
1.05e+03
1.09e+03
1.11e+03
1.12e+03
1.11e+03
1.09e+03
1.06e+03
1.02e+03
971
923
879
836
803
776
760
787
760
776
803
836
879
923
971
1.02e+03
1.06e+03
1.09e+03
1.11e+03
1.12e+03
1.11e+03
1.09e+03
1.05e+03
1.02e+03
915
819
708
584
451
304
155
0
-153
-305
-449
-585
-709
-820
-913
-1.02e+03
-1.05e+03
-1.09e+03
-1.11e+03
-1.12e+03
-1.11e+03
-1.09e+03
-1.05e+03
-1.01e+03
-969
-924
-877
-837
-804
-777
-761
-728
-708
-733
-773
-825
-888
-956
-1.03e+03
-1.09e+03
-1.16e+03
-1.21e+03
-1.24e+03
-1.26e+03
-1.26e+03
-1.23e+03
-1.17e+03
-1.12e+03
-981
-848
-692
-517
-328
-129
72
272
464
643
800
932
1.03e+03
1.1e+03
1.13e+03
1.16e+03
1.08e+03
991
871
720
543
347
136
-80
-296
-500
-688
-853
-988
-1.09e+03
-1.15e+03
-1.2e+03
-1.2e+03
-1.13e+03
-1.02e+03
-864
-680
-468
-237
0
239
467
679
864
1.02e+03
1.13e+03
1.2e+03
1.2e+03
1.15e+03
1.09e+03
987
852
688
500
295
80
-136
-345
-544
-720
-872
-992
-1.08e+03
-1.15e+03
-1.13e+03
-1.1e+03
-1.03e+03
-932
-800
-644
-465
-273
-73
131
328
516
692
848
983
1.12e+03
1.17e+03
1.23e+03
1.26e+03
1.26e+03
1.24e+03
1.21e+03
1.16e+03
1.1e+03
1.03e+03
956
888
827
775
735
708
668
708
735
775
827
888
956
1.03e+03
1.1e+03
1.16e+03
1.21e+03
1.24e+03
1.26e+03
1.26e+03
1.23e+03
1.17e+03
1.12e+03
983
848
692
516
328
131
-73
-273
-465
-644
-800
-932
-1.03e+03
-1.1e+03
-1.13e+03
-1.1e+03
-1.02e+03
-948
-841
-709
-553
-380
-193
0
192
379
552
708
843
948
1.02e+03
1.04e+03
1.08e+03
1.06e+03
1e+03
920
811
675
523
352
175
-9
-193
-373
-548
-709
-857
-961
-1.05e+03
-1.16e+03
-1.24e+03
-1.32e+03
-1.37e+03
-1.42e+03
-1.44e+03
-1.45e+03
-1.44e+03
-1.42e+03
-1.37e+03
-1.32e+03
-1.24e+03
-1.16e+03
-1.05e+03
-961
-857
-709
-548
-373
-193
-9
175
352
523
675
811
920
1e+03
1.06e+03
1.08e+03
1.04e+03
1.02e+03
948
843
708
552
379
192
0
-193
-380
-553
-709
-841
-948
-1.02e+03
-1.1e+03
-1.13e+03
-1.1e+03
-1.03e+03
-932
-800
-644
-465
-273
-73
131
328
516
692
848
983
1.12e+03
1.17e+03
1.23e+03
1.26e+03
1.26e+03
1.24e+03
1.21e+03
1.16e+03
1.1e+03
1.03e+03
956
888
827
775
735
708
728
760
776
803
836
879
923
971
1.02e+03
1.06e+03
1.09e+03
1.11e+03
1.12e+03
1.11e+03
1.09e+03
1.05e+03
1.02e+03
915
819
708
584
451
304
155
0
-153
-305
-449
-585
-709
-820
-913
-961
-996
-1.05e+03
-1.08e+03
-1.11e+03
-1.12e+03
-1.12e+03
-1.11e+03
-1.09e+03
-1.07e+03
-1.04e+03
-1.01e+03
-981
-948
-916
-885
-829
-777
-764
-757
-757
-768
-781
-800
-821
-845
-869
-892
-913
-932
-945
-953
-988
-953
-945
-932
-913
-892
-869
-845
-821
-800
-781
-768
-757
-757
-764
-777
-769
-833
-873
-920
-969
-1.02e+03
-1.08e+03
-1.13e+03
-1.17e+03
-1.21e+03
-1.24e+03
-1.25e+03
-1.25e+03
-1.23e+03
-1.18e+03
-1.12e+03
-1.06e+03
-981
-848
-692
-517
-328
-129
72
272
464
643
800
932
1.03e+03
1.1e+03
1.13e+03
1.16e+03
1.08e+03
991
871
720
543
347
136
-80
-296
-500
-688
-853
-988
-1.09e+03
-1.15e+03
-1.2e+03
-1.2e+03
-1.13e+03
-1.02e+03
-864
-680
-468
-237
0
239
467
679
864
1.02e+03
1.13e+03
1.2e+03
1.2e+03
1.15e+03
1.09e+03
987
852
688
500
295
80
-136
-345
-544
-720
-872
-992
-1.08e+03
-1.1e+03
-1.08e+03
-1.06e+03
-1e+03
-921
-809
-676
-521
-353
-176
8
192
372
547
708
859
1.02e+03
1.1e+03
1.2e+03
1.27e+03
1.33e+03
1.36e+03
1.38e+03
1.38e+03
1.37e+03
1.34e+03
1.3e+03
1.24e+03
1.17e+03
1.1e+03
1.02e+03
927
860
788
680
564
440
315
184
52
-80
-209
-337
-460
-573
-680
-776
-861
-904
-996
-1.05e+03
-1.08e+03
-1.11e+03
-1.12e+03
-1.12e+03
-1.11e+03
-1.09e+03
-1.07e+03
-1.04e+03
-1.01e+03
-981
-948
-916
-885
-888
-829
-805
-785
-769
-757
-748
-744
-741
-744
-748
-757
-769
-785
-805
-829
-888
-885
-916
-948
-981
-1.01e+03
-1.04e+03
-1.07e+03
-1.09e+03
-1.11e+03
-1.12e+03
-1.12e+03
-1.11e+03
-1.08e+03
-1.05e+03
-996
-961
-913
-820
-709
-585
-449
-305
-153
0
155
304
451
584
708
819
915
1.02e+03
1.05e+03
1.09e+03
1.11e+03
1.12e+03
1.11e+03
1.09e+03
1.06e+03
1.02e+03
971
923
879
836
803
776
760
728
708
735
775
827
888
956
1.03e+03
1.1e+03
1.16e+03
1.21e+03
1.24e+03
1.26e+03
1.26e+03
1.23e+03
1.17e+03
1.12e+03
983
848
692
516
328
131
-73
-273
-465
-644
-800
-932
-1.03e+03
-1.1e+03
-1.13e+03
-1.1e+03
-1.02e+03
-948
-841
-709
-553
-380
-193
0
192
379
552
708
843
948
1.02e+03
1.1e+03
1.13e+03
1.1e+03
1.03e+03
932
800
643
464
272
72
-129
-328
-517
-692
-848
-981
-1.12e+03
-1.17e+03
-1.23e+03
-1.26e+03
-1.26e+03
-1.24e+03
-1.21e+03
-1.16e+03
-1.09e+03
-1.03e+03
-956
-888
-825
-773
-733
-708
-669
-708
-733
-773
-825
-888
-956
-1.03e+03
-1.09e+03
-1.16e+03
-1.21e+03
-1.24e+03
-1.26e+03
-1.26e+03
-1.23e+03
-1.17e+03
-1.06e+03
-929
-805
-664
-505
-337
-161
16
192
363
523
664
788
888
963
1.01e+03
1.06e+03
1.01e+03
963
888
788
664
523
363
192
16
-161
-337
-505
-664
-805
-929
-1e+03
-1.12e+03
-1.18e+03
-1.23e+03
-1.25e+03
-1.25e+03
-1.24e+03
-1.21e+03
-1.17e+03
-1.13e+03
-1.08e+03
-1.02e+03
-969
-920
-873
-833
-829
-829
-805
-785
-769
-757
-748
-744
-741
-744
-748
-757
-769
-785
-805
-829
-888
-885
-916
-948
-981
-1.01e+03
-1.04e+03
-1.07e+03
-1.09e+03
-1.11e+03
-1.12e+03
-1.12e+03
-1.11e+03
-1.08e+03
-1.05e+03
-996
-904
-861
-776
-680
-573
-460
-337
-209
-80
52
184
315
440
564
680
788
920
980
1.06e+03
1.13e+03
1.18e+03
1.23e+03
1.26e+03
1.28e+03
1.29e+03
1.28e+03
1.26e+03
1.23e+03
1.18e+03
1.13e+03
1.06e+03
980
860
736
636
535
431
324
216
108
0
-108
-216
-324
-429
-536
-637
-736
-861
-980
-1.06e+03
-1.13e+03
-1.18e+03
-1.23e+03
-1.26e+03
-1.28e+03
-1.29e+03
-1.28e+03
-1.26e+03
-1.23e+03
-1.18e+03
-1.13e+03
-1.06e+03
-980
-920
-789
-680
-564
-441
-313
-184
-52
80
211
336
459
575
680
776
860
903
995
1.04e+03
1.08e+03
1.1e+03
1.12e+03
1.12e+03
1.11e+03
1.1e+03
1.07e+03
1.04e+03
1.02e+03
980
948
916
887
828
776
763
756
759
767
780
799
820
844
868
892
912
931
944
955
988
955
944
931
912
892
868
844
820
799
780
767
759
756
763
776
828
887
916
948
980
1.02e+03
1.04e+03
1.07e+03
1.1e+03
1.11e+03
1.12e+03
1.12e+03
1.1e+03
1.08e+03
1.04e+03
995
963
915
819
708
584
451
304
155
0
-153
-305
-449
-585
-709
-820
-913
-961
-996
-1.05e+03
-1.08e+03
-1.11e+03
-1.12e+03
-1.12e+03
-1.11e+03
-1.09e+03
-1.07e+03
-1.04e+03
-1.01e+03
-981
-948
-916
-885
-888
-829
-805
-785
-769
-757
-748
-744
-741
-744
-748
-757
-769
-785
-805
-829
-829
-833
-873
-920
-969
-1.02e+03
-1.08e+03
-1.13e+03
-1.17e+03
-1.21e+03
-1.24e+03
-1.25e+03
-1.25e+03
-1.23e+03
-1.18e+03
-1.12e+03
-1e+03
-929
-805
-664
-505
-337
-161
16
192
363
523
664
788
888
963
1.01e+03
995
955
919
859
776
675
555
420
272
119
-41
-201
-361
-517
-665
-805
-904
-1.05e+03
-1.16e+03
-1.24e+03
-1.32e+03
-1.37e+03
-1.42e+03
-1.44e+03
-1.45e+03
-1.44e+03
-1.42e+03
-1.37e+03
-1.32e+03
-1.24e+03
-1.16e+03
-1.05e+03
-961
-857
-709
-548
-373
-193
-9
175
352
523
675
811
920
1e+03
1.06e+03
1.08e+03
1.1e+03
1.08e+03
991
871
720
543
347
136
-80
-296
-500
-688
-853
-988
-1.09e+03
-1.15e+03
-1.2e+03
-1.2e+03
-1.13e+03
-1.02e+03
-864
-680
-468
-237
0
239
467
679
864
1.02e+03
1.13e+03
1.2e+03
1.2e+03
1.15e+03
1.09e+03
987
852
688
500
295
80
-136
-345
-544
-720
-872
-992
-1.08e+03
-1.15e+03
-1.13e+03
-1.1e+03
-1.03e+03
-932
-800
-644
-465
-273
-73
131
328
516
692
848
983
1.06e+03
1.12e+03
1.18e+03
1.23e+03
1.25e+03
1.25e+03
1.24e+03
1.21e+03
1.18e+03
1.13e+03
1.08e+03
1.02e+03
971
919
872
832
828
831
807
787
768
756
748
743
740
743
748
756
768
787
807
831
888
887
916
948
980
1.02e+03
1.04e+03
1.07e+03
1.1e+03
1.11e+03
1.12e+03
1.12e+03
1.1e+03
1.08e+03
1.04e+03
995
963
915
819
708
584
451
304
155
0
-153
-305
-449
-585
-709
-820
-913
-1.02e+03
-1.05e+03
-1.09e+03
-1.11e+03
-1.12e+03
-1.11e+03
-1.09e+03
-1.05e+03
-1.01e+03
-969
-924
-877
-837
-804
-777
-761
-788
-761
-777
-804
-837
-877
-924
-969
-1.01e+03
-1.05e+03
-1.09e+03
-1.11e+03
-1.12e+03
-1.11e+03
-1.09e+03
-1.05e+03
-961
-861
-776
-680
-573
-460
-337
-209
-80
52
184
315
440
564
680
788
920
980
1.06e+03
1.13e+03
1.18e+03
1.23e+03
1.26e+03
1.28e+03
1.29e+03
1.28e+03
1.26e+03
1.23e+03
1.18e+03
1.13e+03
1.06e+03
980
920
788
680
564
440
315
184
52
-80
-209
-337
-460
-573
-680
-776
-861
-961
-1.05e+03
-1.09e+03
-1.11e+03
-1.12e+03
-1.11e+03
-1.09e+03
-1.05e+03
-1.01e+03
-969
-924
-877
-837
-804
-777
-761
-788
-761
-777
-804
-837
-877
-924
-969
-1.01e+03
-1.05e+03
-1.09e+03
-1.11e+03
-1.12e+03
-1.11e+03
-1.09e+03
-1.05e+03
-1.02e+03
-913
-820
-709
-585
-449
-305
-153
0
155
304
451
584
708
819
915
963
995
1.04e+03
1.08e+03
1.1e+03
1.12e+03
1.12e+03
1.11e+03
1.1e+03
1.07e+03
1.04e+03
1.02e+03
980
948
916
887
828
776
763
756
759
767
780
799
820
844
868
892
912
931
944
955
928
900
903
903
903
903
903
900
900
900
903
903
903
903
903
900
871
900
903
903
903
903
903
900
900
900
903
903
903
903
903
900
871
900
903
903
903
903
903
900
900
900
903
903
903
903
903
900
928
955
944
931
912
892
868
844
820
799
780
767
759
756
763
776
828
887
916
948
980
1.02e+03
1.04e+03
1.07e+03
1.1e+03
1.11e+03
1.12e+03
1.12e+03
1.1e+03
1.08e+03
1.04e+03
995
963
915
819
708
584
451
304
155
0
-153
-305
-449
-585
-709
-820
-913
-1.02e+03
-1.05e+03
-1.09e+03
-1.11e+03
-1.12e+03
-1.11e+03
-1.09e+03
-1.05e+03
-1.01e+03
-969
-924
-877
-837
-804
-777
-761
-788
-761
-777
-804
-837
-877
-924
-969
-1.01e+03
-1.05e+03
-1.09e+03
-1.11e+03
-1.12e+03
-1.11e+03
-1.09e+03
-1.05e+03
-961
-861
-776
-680
-573
-460
-337
-209
-80
52
184
315
440
564
680
788
920
980
1.06e+03
1.13e+03
1.18e+03
1.23e+03
1.26e+03
1.28e+03
1.29e+03
1.28e+03
1.26e+03
1.23e+03
1.18e+03
1.13e+03
1.06e+03
980
920
788
680
564
440
315
184
52
-80
-209
-337
-460
-573
-680
-776
-861
-904
-996
-1.05e+03
-1.08e+03
-1.11e+03
-1.12e+03
-1.12e+03
-1.11e+03
-1.09e+03
-1.07e+03
-1.04e+03
-1.01e+03
-981
-948
-916
-885
-829
-777
-764
-757
-757
-768
-781
-800
-821
-845
-869
-892
-913
-932
-945
-953
-929
-901
-901
-901
-901
-901
-901
-901
-901
-901
-901
-901
-901
-901
-901
-901
-869
-901
-901
-901
-901
-901
-901
-901
-901
-901
-901
-901
-901
-901
-901
-901
-929
-953
-945
-932
-913
-892
-869
-845
-821
-800
-781
-768
-757
-757
-764
-777
-769
-833
-873
-920
-969
-1.02e+03
-1.08e+03
-1.13e+03
-1.17e+03
-1.21e+03
-1.24e+03
-1.25e+03
-1.25e+03
-1.23e+03
-1.18e+03
-1.12e+03
-1.06e+03
-981
-848
-692
-517
-328
-129
72
272
464
643
800
932
1.03e+03
1.1e+03
1.13e+03
1.1e+03
1.02e+03
948
843
708
552
379
192
0
-193
-380
-553
-709
-841
-948
-1.02e+03
-1.04e+03
-1.08e+03
-1.06e+03
-1e+03
-921
-809
-676
-521
-353
-176
8
192
372
547
708
859
963
1.05e+03
1.16e+03
1.24e+03
1.32e+03
1.38e+03
1.42e+03
1.44e+03
1.45e+03
1.44e+03
1.42e+03
1.38e+03
1.32e+03
1.24e+03
1.16e+03
1.05e+03
963
859
708
547
372
192
8
-176
-353
-521
-676
-809
-921
-1e+03
-1.06e+03
-1.08e+03
-1.1e+03
-1.08e+03
-992
-872
-720
-544
-345
-136
80
295
500
688
852
987
1.09e+03
1.15e+03
1.2e+03
1.2e+03
1.13e+03
1.02e+03
864
679
467
239
0
-237
-468
-680
-864
-1.02e+03
-1.13e+03
-1.2e+03
-1.2e+03
-1.15e+03
-1.09e+03
-988
-853
-688
-500
-296
-80
136
347
543
720
871
991
1.08e+03
1.16e+03
1.13e+03
1.1e+03
1.03e+03
932
800
643
464
272
72
-129
-328
-517
-692
-848
-981
-1.12e+03
-1.17e+03
-1.23e+03
-1.26e+03
-1.26e+03
-1.24e+03
-1.21e+03
-1.16e+03
-1.09e+03
-1.03e+03
-956
-888
-825
-773
-733
-708
-669
-708
-733
-773
-825
-888
-956
-1.03e+03
-1.09e+03
-1.16e+03
-1.21e+03
-1.24e+03
-1.26e+03
-1.26e+03
-1.23e+03
-1.17e+03
-1.12e+03
-981
-848
-692
-517
-328
-129
72
272
464
643
800
932
1.03e+03
1.1e+03
1.13e+03
1.1e+03
1.02e+03
948
843
708
552
379
192
0
-193
-380
-553
-709
-841
-948
-1.02e+03
-1.04e+03
-1.08e+03
-1.06e+03
-1e+03
-921
-809
-676
-521
-353
-176
8
192
372
547
708
859
963
1.05e+03
1.16e+03
1.24e+03
1.32e+03
1.38e+03
1.42e+03
1.44e+03
1.45e+03
1.44e+03
1.42e+03
1.38e+03
1.32e+03
1.24e+03
1.16e+03
1.05e+03
963
859
708
547
372
192
8
-176
-353
-521
-676
-809
-921
-1e+03
-1.06e+03
-1.08e+03
-1.04e+03
-1.02e+03
-948
-841
-709
-553
-380
-193
0
192
379
552
708
843
948
1.02e+03
1.04e+03
1.08e+03
1.06e+03
1e+03
920
811
675
523
352
175
-9
-193
-373
-548
-709
-857
-961
-1.05e+03
-1.16e+03
-1.24e+03
-1.32e+03
-1.37e+03
-1.42e+03
-1.44e+03
-1.45e+03
-1.44e+03
-1.42e+03
-1.37e+03
-1.32e+03
-1.24e+03
-1.16e+03
-1.05e+03
-904
-805
-665
-517
-361
-201
-41
119
272
420
555
675
776
859
919
955
936
955
919
859
776
675
555
420
272
119
-41
-201
-361
-517
-665
-805
-904
-1.05e+03
-1.16e+03
-1.24e+03
-1.32e+03
-1.37e+03
-1.42e+03
-1.44e+03
-1.45e+03
-1.44e+03
-1.42e+03
-1.37e+03
-1.32e+03
-1.24e+03
-1.16e+03
-1.05e+03
-961
-857
-709
-548
-373
-193
-9
175
352
523
675
811
920
1e+03
1.06e+03
1.08e+03
1.04e+03
1.02e+03
948
843
708
552
379
192
0
-193
-380
-553
-709
-841
-948
-1.02e+03
-1.1e+03
-1.13e+03
-1.1e+03
-1.03e+03
-932
-800
-644
-465
-273
-73
131
328
516
692
848
983
1.06e+03
1.12e+03
1.18e+03
1.23e+03
1.25e+03
1.25e+03
1.24e+03
1.21e+03
1.18e+03
1.13e+03
1.08e+03
1.02e+03
971
919
872
832
828
831
807
787
768
756
748
743
740
743
748
756
768
787
807
831
888
887
916
948
980
1.02e+03
1.04e+03
1.07e+03
1.1e+03
1.11e+03
1.12e+03
1.12e+03
1.1e+03
1.08e+03
1.04e+03
995
963
915
819
708
584
451
304
155
0
-153
-305
-449
-585
-709
-820
-913
-961
-996
-1.05e+03
-1.08e+03
-1.11e+03
-1.12e+03
-1.12e+03
-1.11e+03
-1.09e+03
-1.07e+03
-1.04e+03
-1.01e+03
-981
-948
-916
-885
-888
-829
-805
-785
-769
-757
-748
-744
-741
-744
-748
-757
-769
-785
-805
-829
-829
-833
-873
-920
-969
-1.02e+03
-1.08e+03
-1.13e+03
-1.17e+03
-1.21e+03
-1.24e+03
-1.25e+03
-1.25e+03
-1.23e+03
-1.18e+03
-1.12e+03
-1e+03
-929
-805
-664
-505
-337
-161
16
192
363
523
664
788
888
963
1.01e+03
1.06e+03
1.01e+03
963
888
788
664
523
363
192
16
-161
-337
-505
-664
-805
-929
-1.06e+03
-1.17e+03
-1.23e+03
-1.26e+03
-1.26e+03
-1.24e+03
-1.21e+03
-1.16e+03
-1.09e+03
-1.03e+03
-956
-888
-825
-773
-733
-708
-728
-761
-777
-804
-837
-877
-924
-969
-1.01e+03
-1.05e+03
-1.09e+03
-1.11e+03
-1.12e+03
-1.11e+03
-1.09e+03
-1.05e+03
-961
-861
-776
-680
-573
-460
-337
-209
-80
52
184
315
440
564
680
788
860
927
1.02e+03
1.1e+03
1.17e+03
1.24e+03
1.3e+03
1.34e+03
1.37e+03
1.38e+03
1.38e+03
1.36e+03
1.33e+03
1.27e+03
1.2e+03
1.1e+03
1.02e+03
859
708
547
372
192
8
-176
-353
-521
-676
-809
-921
-1e+03
-1.06e+03
-1.08e+03
-1.04e+03
-1.02e+03
-948
-841
-709
-553
-380
-193
0
192
379
552
708
843
948
1.02e+03
1.04e+03
1.08e+03
1.06e+03
1e+03
920
811
675
523
352
175
-9
-193
-373
-548
-709
-857
-961
-1.05e+03
-1.16e+03
-1.24e+03
-1.32e+03
-1.37e+03
-1.42e+03
-1.44e+03
-1.45e+03
-1.44e+03
-1.42e+03
-1.37e+03
-1.32e+03
-1.24e+03
-1.16e+03
-1.05e+03
-961
-857
-709
-548
-373
-193
-9
175
352
523
675
811
920
1e+03
1.06e+03
1.08e+03
1.04e+03
1.02e+03
948
843
708
552
379
192
0
-193
-380
-553
-709
-841
-948
-1.02e+03
-1.1e+03
-1.13e+03
-1.1e+03
-1.03e+03
-932
-800
-644
-465
-273
-73
131
328
516
692
848
983
1.06e+03
1.12e+03
1.18e+03
1.23e+03
1.25e+03
1.25e+03
1.24e+03
1.21e+03
1.18e+03
1.13e+03
1.08e+03
1.02e+03
971
919
872
832
828
831
807
787
768
756
748
743
740
743
748
756
768
787
807
831
828
832
872
919
971
1.02e+03
1.08e+03
1.13e+03
1.18e+03
1.21e+03
1.24e+03
1.25e+03
1.25e+03
1.23e+03
1.18e+03
1.12e+03
1.06e+03
983
848
692
516
328
131
-73
-273
-465
-644
-800
-932
-1.03e+03
-1.1e+03
-1.13e+03
-1.15e+03
-1.08e+03
-992
-872
-720
-544
-345
-136
80
295
500
688
852
987
1.09e+03
1.15e+03
1.2e+03
1.2e+03
1.13e+03
1.02e+03
864
679
467
239
0
-237
-468
-680
-864
-1.02e+03
-1.13e+03
-1.2e+03
-1.26e+03
-1.2e+03
-1.13e+03
-1.02e+03
-864
-680
-468
-237
0
239
467
679
864
1.02e+03
1.13e+03
1.2e+03
1.26e+03
1.2e+03
1.13e+03
1.02e+03
864
679
467
239
0
-237
-468
-680
-864
-1.02e+03
-1.13e+03
-1.2e+03
-1.2e+03
-1.15e+03
-1.09e+03
-988
-853
-688
-500
-296
-80
136
347
543
720
871
991
1.08e+03
1.1e+03
1.08e+03
1.06e+03
1e+03
920
811
675
523
352
175
-9
-193
-373
-548
-709
-857
-961
-1.05e+03
-1.16e+03
-1.24e+03
-1.32e+03
-1.37e+03
-1.42e+03
-1.44e+03
-1.45e+03
-1.44e+03
-1.42e+03
-1.37e+03
-1.32e+03
-1.24e+03
-1.16e+03
-1.05e+03
-961
-857
-709
-548
-373
-193
-9
175
352
523
675
811
920
1e+03
1.06e+03
1.08e+03
1.1e+03
1.08e+03
991
871
720
543
347
136
-80
-296
-500
-688
-853
-988
-1.09e+03
-1.15e+03
-1.14e+03
-1.15e+03
-1.09e+03
-988
-853
-688
-500
-296
-80
136
347
543
720
871
991
1.08e+03
1.16e+03
1.13e+03
1.1e+03
1.03e+03
932
800
643
464
272
72
-129
-328
-517
-692
-848
-981
-1.12e+03
-1.17e+03
-1.23e+03
-1.26e+03
-1.26e+03
-1.24e+03
-1.21e+03
-1.16e+03
-1.09e+03
-1.03e+03
-956
-888
-825
-773
-733
-708
-669
-708
-733
-773
-825
-888
-956
-1.03e+03
-1.09e+03
-1.16e+03
-1.21e+03
-1.24e+03
-1.26e+03
-1.26e+03
-1.23e+03
-1.17e+03
-1.12e+03
-981
-848
-692
-517
-328
-129
72
272
464
643
800
932
1.03e+03
1.1e+03
1.13e+03
1.1e+03
1.02e+03
948
843
708
552
379
192
0
-193
-380
-553
-709
-841
-948
-1.02e+03
-1.04e+03
-1.08e+03
-1.06e+03
-1e+03
-921
-809
-676
-521
-353
-176
8
192
372
547
708
859
963
1.05e+03
1.16e+03
1.24e+03
1.32e+03
1.38e+03
1.42e+03
1.44e+03
1.45e+03
1.44e+03
1.42e+03
1.38e+03
1.32e+03
1.24e+03
1.16e+03
1.05e+03
903
804
667
519
363
203
40
-117
-273
-420
-553
-673
-777
-860
-920
-953
-936
-953
-920
-860
-777
-673
-553
-420
-273
-117
40
203
363
519
667
804
963
1.1e+03
1.2e+03
1.27e+03
1.33e+03
1.36e+03
1.38e+03
1.38e+03
1.37e+03
1.34e+03
1.3e+03
1.24e+03
1.17e+03
1.1e+03
1.02e+03
927
803
736
636
535
431
324
216
108
0
-108
-216
-324
-429
-536
-637
-736
-801
-928
-1.02e+03
-1.1e+03
-1.17e+03
-1.24e+03
-1.29e+03
-1.34e+03
-1.37e+03
-1.38e+03
-1.38e+03
-1.36e+03
-1.33e+03
-1.27e+03
-1.2e+03
-1.1e+03
-1.02e+03
-857
-709
-548
-373
-193
-9
175
352
523
675
811
920
1e+03
1.06e+03
1.08e+03
1.04e+03
1.02e+03
948
843
708
552
379
192
0
-193
-380
-553
-709
-841
-948
-1.02e+03
-1.04e+03
-1.08e+03
-1.06e+03
-1e+03
-921
-809
-676
-521
-353
-176
8
192
372
547
708
859
1.02e+03
1.1e+03
1.2e+03
1.27e+03
1.33e+03
1.36e+03
1.38e+03
1.38e+03
1.37e+03
1.34e+03
1.3e+03
1.24e+03
1.17e+03
1.1e+03
1.02e+03
927
860
788
680
564
440
315
184
52
-80
-209
-337
-460
-573
-680
-776
-861
-961
-1.05e+03
-1.09e+03
-1.11e+03
-1.12e+03
-1.11e+03
-1.09e+03
-1.05e+03
-1.01e+03
-969
-924
-877
-837
-804
-777
-761
-788
-761
-777
-804
-837
-877
-924
-969
-1.01e+03
-1.05e+03
-1.09e+03
-1.11e+03
-1.12e+03
-1.11e+03
-1.09e+03
-1.05e+03
-1.02e+03
-913
-820
-709
-585
-449
-305
-153
0
155
304
451
584
708
819
915
963
995
1.04e+03
1.08e+03
1.1e+03
1.12e+03
1.12e+03
1.11e+03
1.1e+03
1.07e+03
1.04e+03
1.02e+03
980
948
916
887
888
831
807
787
768
756
748
743
740
743
748
756
768
787
807
831
828
832
872
919
971
1.02e+03
1.08e+03
1.13e+03
1.18e+03
1.21e+03
1.24e+03
1.25e+03
1.25e+03
1.23e+03
1.18e+03
1.12e+03
1.06e+03
983
848
692
516
328
131
-73
-273
-465
-644
-800
-932
-1.03e+03
-1.1e+03
-1.13e+03
-1.15e+03
-1.08e+03
-992
-872
-720
-544
-345
-136
80
295
500
688
852
987
1.09e+03
1.15e+03
1.14e+03
1.15e+03
1.09e+03
987
852
688
500
295
80
-136
-345
-544
-720
-872
-992
-1.08e+03
-1.1e+03
-1.08e+03
-1.06e+03
-1e+03
-921
-809
-676
-521
-353
-176
8
192
372
547
708
859
1.02e+03
1.1e+03
1.2e+03
1.27e+03
1.33e+03
1.36e+03
1.38e+03
1.38e+03
1.37e+03
1.34e+03
1.3e+03
1.24e+03
1.17e+03
1.1e+03
1.02e+03
927
803
736
636
535
431
324
216
108
0
-108
-216
-324
-429
-536
-637
-736
-801
-928
-1.02e+03
-1.1e+03
-1.17e+03
-1.24e+03
-1.29e+03
-1.34e+03
-1.37e+03
-1.38e+03
-1.38e+03
-1.36e+03
-1.33e+03
-1.27e+03
-1.2e+03
-1.1e+03
-961
-805
-665
-517
-361
-201
-41
119
272
420
555
675
776
859
919
955
936
955
919
859
776
675
555
420
272
119
-41
-201
-361
-517
-665
-805
-961
-1.1e+03
-1.2e+03
-1.27e+03
-1.33e+03
-1.36e+03
-1.38e+03
-1.38e+03
-1.37e+03
-1.34e+03
-1.29e+03
-1.24e+03
-1.17e+03
-1.1e+03
-1.02e+03
-928
-801
-736
-637
-536
-429
-324
-216
-108
0
108
216
324
431
535
636
736
803
927
1.02e+03
1.1e+03
1.17e+03
1.24e+03
1.3e+03
1.34e+03
1.37e+03
1.38e+03
1.38e+03
1.36e+03
1.33e+03
1.27e+03
1.2e+03
1.1e+03
1.02e+03
859
708
547
372
192
8
-176
-353
-521
-676
-809
-921
-1e+03
-1.06e+03
-1.08e+03
-1.04e+03
-1.02e+03
-948
-841
-709
-553
-380
-193
0
192
379
552
708
843
948
1.02e+03
1.1e+03
1.13e+03
1.1e+03
1.03e+03
932
800
643
464
272
72
-129
-328
-517
-692
-848
-981
-1.12e+03
-1.17e+03
-1.23e+03
-1.26e+03
-1.26e+03
-1.24e+03
-1.21e+03
-1.16e+03
-1.09e+03
-1.03e+03
-956
-888
-825
-773
-733
-708
-728
-761
-777
-804
-837
-877
-924
-969
-1.01e+03
-1.05e+03
-1.09e+03
-1.11e+03
-1.12e+03
-1.11e+03
-1.09e+03
-1.05e+03
-1.02e+03
-913
-820
-709
-585
-449
-305
-153
0
155
304
451
584
708
819
915
963
995
1.04e+03
1.08e+03
1.1e+03
1.12e+03
1.12e+03
1.11e+03
1.1e+03
1.07e+03
1.04e+03
1.02e+03
980
948
916
887
828
776
763
756
759
767
780
799
820
844
868
892
912
931
944
955
988
955
944
931
912
892
868
844
820
799
780
767
759
756
763
776
771
832
872
919
971
1.02e+03
1.08e+03
1.13e+03
1.18e+03
1.21e+03
1.24e+03
1.25e+03
1.25e+03
1.23e+03
1.18e+03
1.12e+03
1.06e+03
983
848
692
516
328
131
-73
-273
-465
-644
-800
-932
-1.03e+03
-1.1e+03
-1.13e+03
-1.15e+03
-1.08e+03
-992
-872
-720
-544
-345
-136
80
295
500
688
852
987
1.09e+03
1.15e+03
1.2e+03
1.2e+03
1.13e+03
1.02e+03
864
679
467
239
0
-237
-468
-680
-864
-1.02e+03
-1.13e+03
-1.2e+03
-1.2e+03
-1.15e+03
-1.09e+03
-988
-853
-688
-500
-296
-80
136
347
543
720
871
991
1.08e+03
1.16e+03
1.13e+03
1.1e+03
1.03e+03
932
800
643
464
272
72
-129
-328
-517
-692
-848
-981
-1.06e+03
-1.12e+03
-1.18e+03
-1.23e+03
-1.25e+03
-1.25e+03
-1.24e+03
-1.21e+03
-1.17e+03
-1.13e+03
-1.08e+03
-1.02e+03
-969
-920
-873
-833
-769
-777
-764
-757
-757
-768
-781
-800
-821
-845
-869
-892
-913
-932
-945
-953
-988
-953
-945
-932
-913
-892
-869
-845
-821
-800
-781
-768
-757
-757
-764
-777
-829
-885
-916
-948
-981
-1.01e+03
-1.04e+03
-1.07e+03
-1.09e+03
-1.11e+03
-1.12e+03
-1.12e+03
-1.11e+03
-1.08e+03
-1.05e+03
-996
-961
-913
-820
-709
-585
-449
-305
-153
0
155
304
451
584
708
819
915
1.02e+03
1.05e+03
1.09e+03
1.11e+03
1.12e+03
1.11e+03
1.09e+03
1.06e+03
1.02e+03
971
923
879
836
803
776
760
787
760
776
803
836
879
923
971
1.02e+03
1.06e+03
1.09e+03
1.11e+03
1.12e+03
1.11e+03
1.09e+03
1.05e+03
1.02e+03
915
819
708
584
451
304
155
0
-153
-305
-449
-585
-709
-820
-913
-961
-996
-1.05e+03
-1.08e+03
-1.11e+03
-1.12e+03
-1.12e+03
-1.11e+03
-1.09e+03
-1.07e+03
-1.04e+03
-1.01e+03
-981
-948
-916
-885
-888
-829
-805
-785
-769
-757
-748
-744
-741
-744
-748
-757
-769
-785
-805
-829
-888
-885
-916
-948
-981
-1.01e+03
-1.04e+03
-1.07e+03
-1.09e+03
-1.11e+03
-1.12e+03
-1.12e+03
-1.11e+03
-1.08e+03
-1.05e+03
-996
-904
-861
-776
-680
-573
-460
-337
-209
-80
52
184
315
440
564
680
788
920
980
1.06e+03
1.13e+03
1.18e+03
1.23e+03
1.26e+03
1.28e+03
1.29e+03
1.28e+03
1.26e+03
1.23e+03
1.18e+03
1.13e+03
1.06e+03
980
860
736
636
535
431
324
216
108
0
-108
-216
-324
-429
-536
-637
-736
-861
-980
-1.06e+03
-1.13e+03
-1.18e+03
-1.23e+03
-1.26e+03
-1.28e+03
-1.29e+03
-1.28e+03
-1.26e+03
-1.23e+03
-1.18e+03
-1.13e+03
-1.06e+03
-980
-920
-789
-680
-564
-441
-313
-184
-52
80
211
336
459
575
680
776
860
903
995
1.04e+03
1.08e+03
1.1e+03
1.12e+03
1.12e+03
1.11e+03
1.1e+03
1.07e+03
1.04e+03
1.02e+03
980
948
916
887
828
776
763
756
759
767
780
799
820
844
868
892
912
931
944
955
928
900
903
903
903
903
903
900
900
900
903
903
903
903
903
900
928
955
944
931
912
892
868
844
820
799
780
767
759
756
763
776
828
887
916
948
980
1.02e+03
1.04e+03
1.07e+03
1.1e+03
1.11e+03
1.12e+03
1.12e+03
1.1e+03
1.08e+03
1.04e+03
995
903
860
776
680
575
459
336
211
80
-52
-184
-313
-441
-564
-680
-789
-920
-980
-1.06e+03
-1.13e+03
-1.18e+03
-1.23e+03
-1.26e+03
-1.28e+03
-1.29e+03
-1.28e+03
-1.26e+03
-1.23e+03
-1.18e+03
-1.13e+03
-1.06e+03
-980
-920
-789
-680
-564
-441
-313
-184
-52
80
211
336
459
575
680
776
860
903
995
1.04e+03
1.08e+03
1.1e+03
1.12e+03
1.12e+03
1.11e+03
1.1e+03
1.07e+03
1.04e+03
1.02e+03
980
948
916
887
888
831
807
787
768
756
748
743
740
743
748
756
768
787
807
831
888
887
916
948
980
1.02e+03
1.04e+03
1.07e+03
1.1e+03
1.11e+03
1.12e+03
1.12e+03
1.1e+03
1.08e+03
1.04e+03
995
963
915
819
708
584
451
304
155
0
-153
-305
-449
-585
-709
-820
-913
-961
-996
-1.05e+03
-1.08e+03
-1.11e+03
-1.12e+03
-1.12e+03
-1.11e+03
-1.09e+03
-1.07e+03
-1.04e+03
-1.01e+03
-981
-948
-916
-885
-829
-777
-764
-757
-757
-768
-781
-800
-821
-845
-869
-892
-913
-932
-945
-953
-929
-901
-901
-901
-901
-901
-901
-901
-901
-901
-901
-901
-901
-901
-901
-901
-869
-901
-901
-901
-901
-901
-901
-901
-901
-901
-901
-901
-901
-901
-901
-901
-929
-953
-945
-932
-913
-892
-869
-845
-821
-800
-781
-768
-757
-757
-764
-777
-769
-833
-873
-920
-969
-1.02e+03
-1.08e+03
-1.13e+03
-1.17e+03
-1.21e+03
-1.24e+03
-1.25e+03
-1.25e+03
-1.23e+03
-1.18e+03
-1.12e+03
-1e+03
-929
-805
-664
-505
-337
-161
16
192
363
523
664
788
888
963
1.01e+03
995
955
919
859
776
675
555
420
272
119
-41
-201
-361
-517
-665
-805
-904
-1.05e+03
-1.16e+03
-1.24e+03
-1.32e+03
-1.37e+03
-1.42e+03
-1.44e+03
-1.45e+03
-1.44e+03
-1.42e+03
-1.37e+03
-1.32e+03
-1.24e+03
-1.16e+03
-1.05e+03
-904
-805
-665
-517
-361
-201
-41
119
272
420
555
675
776
859
919
955
995
1.01e+03
963
888
788
664
523
363
192
16
-161
-337
-505
-664
-805
-929
-1e+03
-1.12e+03
-1.18e+03
-1.23e+03
-1.25e+03
-1.25e+03
-1.24e+03
-1.21e+03
-1.17e+03
-1.13e+03
-1.08e+03
-1.02e+03
-969
-920
-873
-833
-769
-777
-764
-757
-757
-768
-781
-800
-821
-845
-869
-892
-913
-932
-945
-953
-929
-901
-901
-901
-901
-901
-901
-901
-901
-901
-901
-901
-901
-901
-901
-901
-869
-901
-901
-901
-901
-901
-901
-901
-901
-901
-901
-901
-901
-901
-901
-901
-929
-953
-945
-932
-913
-892
-869
-845
-821
-800
-781
-768
-757
-757
-764
-777
-769
-833
-873
-920
-969
-1.02e+03
-1.08e+03
-1.13e+03
-1.17e+03
-1.21e+03
-1.24e+03
-1.25e+03
-1.25e+03
-1.23e+03
-1.18e+03
-1.12e+03
-1.06e+03
-981
-848
-692
-517
-328
-129
72
272
464
643
800
932
1.03e+03
1.1e+03
1.13e+03
1.1e+03
1.02e+03
948
843
708
552
379
192
0
-193
-380
-553
-709
-841
-948
-1.02e+03
-1.04e+03
-1.08e+03
-1.06e+03
-1e+03
-921
-809
-676
-521
-353
-176
8
192
372
547
708
859
963
1.05e+03
1.16e+03
1.24e+03
1.32e+03
1.38e+03
1.42e+03
1.44e+03
1.45e+03
1.44e+03
1.42e+03
1.38e+03
1.32e+03
1.24e+03
1.16e+03
1.05e+03
963
859
708
547
372
192
8
-176
-353
-521
-676
-809
-921
-1e+03
-1.06e+03
-1.08e+03
-1.04e+03
-1.02e+03
-948
-841
-709
-553
-380
-193
0
192
379
552
708
843
948
1.02e+03
1.1e+03
1.13e+03
1.1e+03
1.03e+03
932
800
643
464
272
72
-129
-328
-517
-692
-848
-981
-1.06e+03
-1.12e+03
-1.18e+03
-1.23e+03
-1.25e+03
-1.25e+03
-1.24e+03
-1.21e+03
-1.17e+03
-1.13e+03
-1.08e+03
-1.02e+03
-969
-920
-873
-833
-769
-777
-764
-757
-757
-768
-781
-800
-821
-845
-869
-892
-913
-932
-945
-953
-929
-901
-901
-901
-901
-901
-901
-901
-901
-901
-901
-901
-901
-901
-901
-901
-869
-901
-901
-901
-901
-901
-901
-901
-901
-901
-901
-901
-901
-901
-901
-901
-869
-901
-901
-901
-901
-901
-901
-901
-901
-901
-901
-901
-901
-901
-901
-901
-929
-953
-945
-932
-913
-892
-869
-845
-821
-800
-781
-768
-757
-757
-764
-777
-769
-833
-873
-920
-969
-1.02e+03
-1.08e+03
-1.13e+03
-1.17e+03
-1.21e+03
-1.24e+03
-1.25e+03
-1.25e+03
-1.23e+03
-1.18e+03
-1.12e+03
-1.06e+03
-981
-848
-692
-517
-328
-129
72
272
464
643
800
932
1.03e+03
1.1e+03
1.13e+03
1.1e+03
1.02e+03
948
843
708
552
379
192
0
-193
-380
-553
-709
-841
-948
-1.02e+03
-1.1e+03
-1.13e+03
-1.1e+03
-1.03e+03
-932
-800
-644
-465
-273
-73
131
328
516
692
848
983
1.06e+03
1.12e+03
1.18e+03
1.23e+03
1.25e+03
1.25e+03
1.24e+03
1.21e+03
1.18e+03
1.13e+03
1.08e+03
1.02e+03
971
919
872
832
828
831
807
787
768
756
748
743
740
743
748
756
768
787
807
831
888
887
916
948
980
1.02e+03
1.04e+03
1.07e+03
1.1e+03
1.11e+03
1.12e+03
1.12e+03
1.1e+03
1.08e+03
1.04e+03
995
963
915
819
708
584
451
304
155
0
-153
-305
-449
-585
-709
-820
-913
-1.02e+03
-1.05e+03
-1.09e+03
-1.11e+03
-1.12e+03
-1.11e+03
-1.09e+03
-1.05e+03
-1.01e+03
-969
-924
-877
-837
-804
-777
-761
-788
-761
-777
-804
-837
-877
-924
-969
-1.01e+03
-1.05e+03
-1.09e+03
-1.11e+03
-1.12e+03
-1.11e+03
-1.09e+03
-1.05e+03
-961
-861
-776
-680
-573
-460
-337
-209
-80
52
184
315
440
564
680
788
920
980
1.06e+03
1.13e+03
1.18e+03
1.23e+03
1.26e+03
1.28e+03
1.29e+03
1.28e+03
1.26e+03
1.23e+03
1.18e+03
1.13e+03
1.06e+03
980
920
788
680
564
440
315
184
52
-80
-209
-337
-460
-573
-680
-776
-861
-904
-996
-1.05e+03
-1.08e+03
-1.11e+03
-1.12e+03
-1.12e+03
-1.11e+03
-1.09e+03
-1.07e+03
-1.04e+03
-1.01e+03
-981
-948
-916
-885
-888
-829
-805
-785
-769
-757
-748
-744
-741
-744
-748
-757
-769
-785
-805
-829
-888
-885
-916
-948
-981
-1.01e+03
-1.04e+03
-1.07e+03
-1.09e+03
-1.11e+03
-1.12e+03
-1.12e+03
-1.11e+03
-1.08e+03
-1.05e+03
-996
-904
-861
-776
-680
-573
-460
-337
-209
-80
52
184
315
440
564
680
788
920
980
1.06e+03
1.13e+03
1.18e+03
1.23e+03
1.26e+03
1.28e+03
1.29e+03
1.28e+03
1.26e+03
1.23e+03
1.18e+03
1.13e+03
1.06e+03
980
860
736
636
535
431
324
216
108
0
-108
-216
-324
-429
-536
-637
-736
-861
-980
-1.06e+03
-1.13e+03
-1.18e+03
-1.23e+03
-1.26e+03
-1.28e+03
-1.29e+03
-1.28e+03
-1.26e+03
-1.23e+03
-1.18e+03
-1.13e+03
-1.06e+03
-980
-861
-736
-637
-536
-429
-324
-216
-108
0
108
216
324
431
535
636
736
860
980
1.06e+03
1.13e+03
1.18e+03
1.23e+03
1.26e+03
1.28e+03
1.29e+03
1.28e+03
1.26e+03
1.23e+03
1.18e+03
1.13e+03
1.06e+03
980
860
736
636
535
431
324
216
108
0
-108
-216
-324
-429
-536
-637
-736
-861
-980
-1.06e+03
-1.13e+03
-1.18e+03
-1.23e+03
-1.26e+03
-1.28e+03
-1.29e+03
-1.28e+03
-1.26e+03
-1.23e+03
-1.18e+03
-1.13e+03
-1.06e+03
-980
-920
-789
-680
-564
-441
-313
-184
-52
80
211
336
459
575
680
776
860
963
1.05e+03
1.09e+03
1.11e+03
1.12e+03
1.11e+03
1.09e+03
1.06e+03
1.02e+03
971
923
879
836
803
776
760
728
708
735
775
827
888
956
1.03e+03
1.1e+03
1.16e+03
1.21e+03
1.24e+03
1.26e+03
1.26e+03
1.23e+03
1.17e+03
1.12e+03
983
848
692
516
328
131
-73
-273
-465
-644
-800
-932
-1.03e+03
-1.1e+03
-1.13e+03
-1.1e+03
-1.02e+03
-948
-841
-709
-553
-380
-193
0
192
379
552
708
843
948
1.02e+03
1.04e+03
1.08e+03
1.06e+03
1e+03
920
811
675
523
352
175
-9
-193
-373
-548
-709
-857
-961
-1.05e+03
-1.16e+03
-1.24e+03
-1.32e+03
-1.37e+03
-1.42e+03
-1.44e+03
-1.45e+03
-1.44e+03
-1.42e+03
-1.37e+03
-1.32e+03
-1.24e+03
-1.16e+03
-1.05e+03
-961
-857
-709
-548
-373
-193
-9
175
352
523
675
811
920
1e+03
1.06e+03
1.08e+03
1.1e+03
1.08e+03
991
871
720
543
347
136
-80
-296
-500
-688
-853
-988
-1.09e+03
-1.15e+03
-1.2e+03
-1.2e+03
-1.13e+03
-1.02e+03
-864
-680
-468
-237
0
239
467
679
864
1.02e+03
1.13e+03
1.2e+03
1.26e+03
1.2e+03
1.13e+03
1.02e+03
864
679
467
239
0
-237
-468
-680
-864
-1.02e+03
-1.13e+03
-1.2e+03
-1.26e+03
-1.2e+03
-1.13e+03
-1.02e+03
-864
-680
-468
-237
0
239
467
679
864
1.02e+03
1.13e+03
1.2e+03
1.26e+03
1.2e+03
1.13e+03
1.02e+03
864
679
467
239
0
-237
-468
-680
-864
-1.02e+03
-1.13e+03
-1.2e+03
-1.2e+03
-1.15e+03
-1.09e+03
-988
-853
-688
-500
-296
-80
136
347
543
720
871
991
1.08e+03
1.16e+03
1.13e+03
1.1e+03
1.03e+03
932
800
643
464
272
72
-129
-328
-517
-692
-848
-981
-1.06e+03
-1.12e+03
-1.18e+03
-1.23e+03
-1.25e+03
-1.25e+03
-1.24e+03
-1.21e+03
-1.17e+03
-1.13e+03
-1.08e+03
-1.02e+03
-969
-920
-873
-833
-829
-829
-805
-785
-769
-757
-748
-744
-741
-744
-748
-757
-769
-785
-805
-829
-829
-833
-873
-920
-969
-1.02e+03
-1.08e+03
-1.13e+03
-1.17e+03
-1.21e+03
-1.24e+03
-1.25e+03
-1.25e+03
-1.23e+03
-1.18e+03
-1.12e+03
