001100000011
000100111100
111011111100
110011100100
101101010000
101011001111
101100110011
110001001011
110111101011
111110011000
000101000111
001011100011
010001001100
010100111011
010101010100
010001010000
001000000111
111110001011
110101100000
110001001000
110010101000
111001011111
000011001100
001100101000
010011011111
010110100011
010101100000
010000011100
001000100100
111101010100
110011011000
101111001100
110010011011
111101111011
001010110000
010001111100
001111011100
000100101000
110111100000
101111001100
101111111011
111000110000
000101001100
001111011000
010011101000
010010000111
001101111000
001011000111
001100100011
001111001011
010001010100
010000011000
001010101011
000011010100
111011001000
110011101100
101110011011
101100000011
101100110111
110000101111
110111001111
111111001111
000111001111
001101011111
010000111100
010001011000
001111110111
001101111000
001011111000
001100100011
001110000000
001110111100
001110100111
001101001111
001100000000
001100001000
001110110100
010000110000
010001011111
001111100011
001011000111
000010011011
111001000000
110001110011
101110101111
101111100111
110010010100
110100001000
110011011111
110000110111
101110101111
101111101000
110101011011
111100110000
000100111100
001100010111
010001001100
010100111100
010101010111
010001010000
001000001000
111110001011
110101011111
110001000100
110010001000
111010010100
000101010100
001110100100
010011101011
010010000111
001101111011
001011000111
001100100100
001111001011
010001010111
010000011011
001011000100
000010011111
111001000011
110001110011
101111001011
101110101011
110000001011
110010001100
110011110000
110100011000
110100001100
110011000100
110001101011
101110011011
101100011100
101110100100
110101101100
000000010011
001010011100
001111110011
001101111011
000101101100
111010101111
110001100000
101100011011
101101111111
110010001011
110100111111
110011111100
110000000000
101100101000
101101101100
110101001100
000001001011
001100100100
010001101111
001101001100
000011000100
110111011000
110000000000
101111111000
111000110000
000101001011
001111011011
010011001100
010011000000
010000000011
001101000011
001100010100
001011101011
001011111000
001101000011
001110110100
010000110000
010001011111
001111100100
001010101000
000011010100
111011001000
110011101111
101110011111
101100000011
101100110111
110000101111
110111101100
111110010111
000101000100
001011100011
010001001111
010100111100
010101010111
010001010011
001000000111
111110001011
110101011111
110001000111
110010101000
111001011111
000011001100
001100100111
010011111100
010101101000
010011010111
001110100000
001000110100
000000110111
111000110111
110010100111
101111001000
101110101100
110000001100
110010001100
110100001111
110011100100
110010000100
110001001000
110001100000
110010110111
110100000100
110011111011
110001101100
101110011000
101100011011
101110100000
110101101011
000000010000
001010011011
001111110000
001101111100
000101101100
111010110000
110001011111
101100110111
101101000100
110000000011
110011000000
110100001011
110011100011
110010000111
110001001000
110001111100
110001111111
110001111100
110001111100
110001111011
110001111100
110001111000
110001111011
110001111011
110001111100
110001111011
110001111011
110001011100
110010110011
110100000100
110011110111
110001001100
101111010000
101110100011
110000011100
110101010111
111100110000
000100111100
001100011000
010001101000
010100000100
010011001111
001111010111
001000011000
000001101111
111010111100
110100100000
101110011011
101011111111
101100110100
110000101100
110111001100
111111001111
000111001100
001101100000
010000111100
010001011011
001111111000
001101111000
001100010100
001011101011
001011110111
001100111111
001110011000
010001101011
010011100100
010001100000
001010010111
111111110011
110101101000
110000010100
110010001011
111010011000
000101010011
001110100011
010011101000
010010000111
001101111011
001011000111
001100100111
001111001011
010001010011
010000011000
001010101000
000011010100
111011001000
110011101100
101110011011
101100000000
101100110111
110000101100
110111101011
111110010100
000101000100
001011100000
010001001100
010100111011
010101010111
010001010000
001000001000
111110001011
110101100000
110001000111
110010001000
111010010100
000101010000
001110100011
010011101011
010010000100
001101111011
001011000111
001100001000
010000000100
010011011011
010010010100
001010011000
111111101111
110101101000
110000010011
110010101000
111001011111
000011001100
001100101000
010011011111
010110100000
010101011100
010000011011
001000000111
111110001011
110101011111
110001000111
110010100111
111001011111
000011001100
001100100111
010011011111
010110100000
010101100000
010000011111
001000001011
111110001100
110101100000
110001001000
110010101000
111001011111
000011001100
001100101000
010011111000
010101101000
010011010111
001110011111
001000110100
000000110111
111000110111
110010100111
101110101111
101111100100
110010010011
110100001000
110011100000
110000111011
101110101111
101111101000
110101011011
111100101111
000100111100
001100011000
010001001011
010100111111
010101010100
010001010011
001000001011
111110001011
110101011111
110001000111
110010100100
111001011111
000011001100
001100100111
010011011100
010110100000
010101100000
010000011011
001000100100
111101010011
110011010111
101111001000
110010110100
111101000000
001000101011
010000000000
001111110000
001000001100
111101000000
110010101000
101100100111
101001100011
101010100100
101111101000
110111111100
000001111000
001010100100
001110111100
001101111011
000101101100
111010101111
110001011111
101100011000
101101111100
110010001000
110100111011
110011011111
110000111000
101110101111
101111100111
110101011000
111100101111
000100111100
001100011000
010001101011
010100000100
010011010000
001111010111
001000011000
000001101111
111010111100
110100100000
101110011100
101100000011
101100110111
110000101111
110111101100
111110010111
000101000100
001011100011
010001001011
010100111111
010101010100
010001010011
001000001000
111110001011
110101011111
110001000111
110010100100
111001011100
000011001011
001100100100
010011111000
010101101000
010011011000
001110100000
001000110111
000000110111
111000110111
110010100100
101110101100
101111100000
110010010000
110100001000
110011111011
110000000000
101100101000
101101101111
110101101100
000000010000
001010011100
001111110000
001101011011
000110100100
111100110111
110011011011
101100100100
101001100000
101010100100
101111100111
110111111011
000001111000
001010100011
001110111011
001101111000
000101101100
111010110000
110001100000
101100110100
101101000100
110000000100
110010111111
110011101111
110100011000
110100001100
110011000011
110001101011
101110011000
101100011100
101110100000
110101001100
000001001011
001100100011
010001101111
001101001100
000011000011
110111011000
110000000011
101111110111
111000101111
000101001011
001111011000
010011100111
010010000111
001101111011
001011000111
001100001000
010000000111
010011011111
010010011000
001010011000
111111110011
110101101000
110000010000
110010001000
111010010100
000101010100
001110100100
010011101011
010010000111
001101111011
001011000111
001100000111
010000000100
010011011100
010010010111
001010110111
111110111000
110011100000
101110010100
110010111000
111101000000
001000101000
010000000000
001111101100
001000001000
111100111111
110010100111
101100001000
101010011011
101100101011
110001100011
110111101000
111110010100
000101000100
001011100000
010001001011
010100111011
010101010100
010001010000
001000100100
111101010000
110011011000
101111001011
110010111000
111101000000
001000101011
010000000000
001111101100
001000001011
111101000000
110010101000
101100001000
101010011011
101100101011
110001100000
110111001111
111111001100
000111001111
001101011111
010001011011
010000100000
001101110000
001011111000
001100100100
001111001100
010001010100
010000011011
001010101011
000011010100
111011001000
110011101100
101110011011
101100000011
101100110100
110000101111
110111101100
111110010111
000101000100
001011100011
010001101000
010100000011
010011010000
001111010100
001000110111
000000110111
111000111000
110010100111
101111001011
101110101100
110000001111
110010001100
110011110000
110100011011
110100001100
110011000011
110001101000
101110011000
101100011111
101110100000
110101101011
000000010000
001010011000
001111110000
001101011011
000110100111
111100110111
110011011100
101100100111
101001100011
101010100111
101111101000
110111100000
000010110000
001100101011
010000111000
001101001011
000011000000
110111011000
110000000011
101111110111
111000101111
000101001100
001111010111
010011001100
010010111111
010000000011
001101000100
001100010100
001011101000
001011110111
001101000000
001110011011
010001101011
010011100111
010001100011
001010011011
111111110011
110101101000
110000010000
110010001000
111010010111
000101010100
001110100011
010011001100
010010111111
010000000000
001101000011
001100010100
001011100111
001011110111
001100111111
001110110100
010000110000
010001011111
001111100111
001010101011
000011010100
111011001000
110011101100
101110111011
