951
907
848
771
675
567
447
315
176
35
-113
-257
-400
-540
-673
-797
-941
-1.04e+03
-1.13e+03
-1.2e+03
-1.26e+03
-1.3e+03
-1.32e+03
-1.33e+03
-1.33e+03
-1.31e+03
-1.28e+03
-1.23e+03
-1.18e+03
-1.11e+03
-1.04e+03
-953
-833
-736
-636
-536
-429
-325
-217
-109
3
108
216
327
431
536
636
736
803
927
1.02e+03
1.1e+03
1.17e+03
1.24e+03
1.3e+03
1.34e+03
1.37e+03
1.38e+03
1.38e+03
1.36e+03
1.33e+03
1.27e+03
1.2e+03
1.1e+03
964
804
668
519
363
203
40
-117
-273
-420
-553
-676
-776
-857
-920
-953
-936
-956
-920
-860
-777
-673
-553
-420
-273
-120
40
203
363
519
667
804
904
1.05e+03
1.16e+03
1.24e+03
1.32e+03
1.37e+03
1.42e+03
1.44e+03
1.45e+03
1.44e+03
1.42e+03
1.37e+03
1.32e+03
1.24e+03
1.16e+03
1.05e+03
963
860
711
547
375
192
11
-173
-353
-521
-676
-809
-920
-1.01e+03
-1.06e+03
-1.08e+03
-1.09e+03
-1.08e+03
-989
-869
-720
-544
-345
-137
80
295
499
688
852
988
1.09e+03
1.15e+03
1.14e+03
1.15e+03
1.09e+03
988
852
688
500
296
80
-137
-345
-544
-720
-872
-992
-1.08e+03
-1.15e+03
-1.13e+03
-1.1e+03
-1.03e+03
-932
-800
-641
-465
-273
-73
131
328
516
692
848
983
1.12e+03
1.17e+03
1.23e+03
1.26e+03
1.26e+03
1.24e+03
1.21e+03
1.16e+03
1.1e+03
1.02e+03
955
888
824
775
735
711
728
763
776
803
839
879
923
971
1.02e+03
1.06e+03
1.09e+03
1.11e+03
1.12e+03
1.11e+03
1.09e+03
1.05e+03
963
863
775
680
575
460
339
211
83
-52
-184
-313
-444
-561
-680
-789
-921
-980
-1.06e+03
-1.13e+03
-1.18e+03
-1.23e+03
-1.26e+03
-1.28e+03
-1.29e+03
-1.28e+03
-1.26e+03
-1.23e+03
-1.18e+03
-1.13e+03
-1.06e+03
-981
-920
-789
-681
-564
-441
-316
-184
-52
80
211
339
459
572
679
776
863
903
995
1.04e+03
1.08e+03
1.11e+03
1.12e+03
1.12e+03
1.11e+03
1.1e+03
1.07e+03
1.05e+03
1.02e+03
980
948
916
887
828
776
763
759
760
764
780
800
820
844
868
892
915
932
944
955
988
956
944
931
912
895
868
844
820
799
780
767
759
756
763
776
828
887
916
948
980
1.02e+03
1.05e+03
1.07e+03
1.1e+03
1.11e+03
1.12e+03
1.12e+03
1.1e+03
1.08e+03
1.04e+03
996
963
912
819
708
587
448
304
155
0
-153
-305
-448
-585
-708
-817
-912
-1.02e+03
-1.05e+03
-1.09e+03
-1.11e+03
-1.12e+03
-1.11e+03
-1.09e+03
-1.05e+03
-1.01e+03
-972
-924
-880
-836
-804
-777
-761
-788
-761
-776
-801
-837
-880
-924
-972
-1.01e+03
-1.05e+03
-1.09e+03
-1.11e+03
-1.12e+03
-1.11e+03
-1.09e+03
-1.05e+03
-961
-861
-777
-680
-573
-460
-337
-212
-80
52
184
315
443
564
683
791
863
927
1.02e+03
1.1e+03
1.18e+03
1.24e+03
1.3e+03
1.34e+03
1.37e+03
1.38e+03
1.38e+03
1.36e+03
1.33e+03
1.28e+03
1.2e+03
1.1e+03
963
807
667
519
360
203
40
-120
-273
-417
-556
-676
-776
-860
-920
-953
-993
-1.01e+03
-961
-889
-788
-664
-521
-361
-193
-16
163
339
507
663
807
931
1.06e+03
1.18e+03
1.23e+03
1.26e+03
1.26e+03
1.24e+03
1.21e+03
1.16e+03
1.1e+03
1.03e+03
956
891
827
772
735
708
727
763
779
803
839
879
924
971
1.02e+03
1.06e+03
1.09e+03
1.11e+03
1.12e+03
1.11e+03
1.09e+03
1.05e+03
1.02e+03
915
819
711
587
448
307
155
0
-153
-304
-448
-585
-709
-820
-913
-961
-996
-1.05e+03
-1.08e+03
-1.1e+03
-1.12e+03
-1.12e+03
-1.11e+03
-1.09e+03
-1.07e+03
-1.05e+03
-1.01e+03
-981
-948
-913
-885
-888
-832
-805
-788
-769
-757
-749
-744
-741
-744
-749
-757
-769
-784
-805
-829
-828
-833
-872
-917
-969
-1.02e+03
-1.08e+03
-1.13e+03
-1.17e+03
-1.21e+03
-1.24e+03
-1.25e+03
-1.25e+03
-1.23e+03
-1.18e+03
-1.12e+03
-1e+03
-928
-805
-664
-505
-337
-161
16
192
363
520
667
791
887
963
1.01e+03
1.06e+03
1.01e+03
963
888
788
664
523
364
192
15
-161
-340
-508
-665
-805
-929
-1.06e+03
-1.17e+03
-1.23e+03
-1.26e+03
-1.26e+03
-1.24e+03
-1.21e+03
-1.16e+03
-1.09e+03
-1.03e+03
-956
-889
-825
-773
-733
-708
-668
-708
-733
-773
-828
-888
-957
-1.03e+03
-1.09e+03
-1.16e+03
-1.21e+03
-1.24e+03
-1.26e+03
-1.26e+03
-1.23e+03
-1.17e+03
-1.12e+03
-981
-849
-692
-516
-329
-129
72
275
464
643
799
935
1.03e+03
1.1e+03
1.13e+03
1.1e+03
1.02e+03
947
840
711
555
379
192
0
-192
-380
-553
-709
-841
-948
-1.02e+03
-1.1e+03
-1.13e+03
-1.1e+03
-1.03e+03
-932
-800
-641
-465
-273
-73
131
327
519
692
848
984
1.06e+03
1.12e+03
1.18e+03
1.23e+03
1.25e+03
1.26e+03
1.24e+03
1.21e+03
1.18e+03
1.13e+03
1.08e+03
1.02e+03
972
920
875
832
831
831
807
787
771
759
748
743
740
743
748
756
771
787
807
831
888
887
916
948
980
1.02e+03
1.05e+03
1.07e+03
1.1e+03
1.11e+03
1.12e+03
1.12e+03
1.1e+03
1.08e+03
1.05e+03
996
903
863
776
679
575
459
336
211
80
-53
-185
-313
-441
-561
-680
-789
-920
-980
-1.06e+03
-1.13e+03
-1.18e+03
-1.23e+03
-1.26e+03
-1.28e+03
-1.29e+03
-1.28e+03
-1.26e+03
-1.23e+03
-1.18e+03
-1.13e+03
-1.06e+03
-980
-861
-736
-637
-536
-429
-324
-216
-108
-1
111
216
324
431
535
639
739
803
927
1.02e+03
1.1e+03
1.17e+03
1.24e+03
1.3e+03
1.34e+03
1.37e+03
1.38e+03
1.38e+03
1.37e+03
1.33e+03
1.27e+03
1.2e+03
1.1e+03
963
807
667
519
363
203
40
-120
-273
-420
-553
-673
-776
-860
-920
-953
-936
-953
-917
-857
-777
-676
-556
-417
-273
-117
40
203
363
519
668
804
963
1.1e+03
1.2e+03
1.28e+03
1.33e+03
1.36e+03
1.38e+03
1.38e+03
1.37e+03
1.34e+03
1.3e+03
1.24e+03
1.17e+03
1.1e+03
1.02e+03
927
860
791
680
564
440
316
183
52
-80
-209
-337
-460
-573
-680
-776
-861
-901
-996
-1.05e+03
-1.08e+03
-1.11e+03
-1.12e+03
-1.12e+03
-1.11e+03
-1.09e+03
-1.07e+03
-1.05e+03
-1.01e+03
-981
-948
-916
-885
-828
-776
-764
-757
-757
-765
-781
-800
-821
-844
-868
-892
-913
-929
-945
-956
-988
-956
-948
-932
-913
-893
-869
-845
-821
-800
-780
-768
-757
-756
-764
-777
-769
-832
-872
-920
-969
-1.02e+03
-1.08e+03
-1.13e+03
-1.18e+03
-1.21e+03
-1.24e+03
-1.25e+03
-1.25e+03
-1.23e+03
-1.18e+03
-1.12e+03
-1e+03
-928
-805
-664
-505
-337
-164
16
192
363
520
664
788
888
960
1.01e+03
1.06e+03
1.01e+03
963
888
788
667
520
364
195
15
-160
-337
-505
-661
-804
-929
-1.01e+03
-1.12e+03
-1.18e+03
-1.23e+03
-1.25e+03
-1.25e+03
-1.24e+03
-1.21e+03
-1.17e+03
-1.13e+03
-1.08e+03
-1.02e+03
-969
-920
-873
-832
-772
-777
-764
-757
-757
-765
-780
-800
-824
-844
-868
-892
-913
-932
-945
-953
-929
-901
-904
-901
-904
-901
-901
-901
-900
-901
-901
-901
-901
-904
-901
-900
-872
-901
-901
-901
-904
-901
-901
-901
-900
-901
-901
-901
-904
-904
-904
-901
-872
-900
-904
-901
-901
-901
-901
-901
-901
-900
-901
-901
-901
-901
-901
-901
-929
-953
-945
-932
-912
-892
-869
-845
-820
-797
-781
-765
-757
-757
-761
-776
-828
-885
-916
-948
-981
-1.01e+03
-1.04e+03
-1.07e+03
-1.09e+03
-1.11e+03
-1.12e+03
-1.12e+03
-1.1e+03
-1.08e+03
-1.04e+03
-996
-901
-861
-776
-681
-576
-457
-337
-212
-81
52
184
315
440
564
680
791
919
980
1.06e+03
1.13e+03
1.18e+03
1.23e+03
1.26e+03
1.28e+03
1.29e+03
1.28e+03
1.26e+03
1.23e+03
1.18e+03
1.13e+03
1.06e+03
980
860
736
639
536
431
324
219
108
0
-108
-217
-324
-429
-536
-637
-736
-861
-980
-1.06e+03
-1.13e+03
-1.18e+03
-1.23e+03
-1.26e+03
-1.28e+03
-1.29e+03
-1.28e+03
-1.26e+03
-1.23e+03
-1.18e+03
-1.13e+03
-1.06e+03
-980
-921
-788
-681
-564
-441
-316
-184
-52
80
211
339
460
575
680
776
860
904
996
1.04e+03
1.08e+03
1.11e+03
1.12e+03
1.12e+03
1.11e+03
1.1e+03
1.08e+03
1.04e+03
1.02e+03
983
948
916
887
888
831
807
787
771
759
748
743
743
743
748
759
771
788
807
831
828
832
872
919
971
1.02e+03
1.08e+03
1.13e+03
1.17e+03
1.21e+03
1.24e+03
1.25e+03
1.25e+03
1.23e+03
1.18e+03
1.12e+03
1e+03
928
804
664
508
339
163
-16
-193
-361
-521
-665
-788
-888
-960
-1.01e+03
-1.05e+03
-1.01e+03
-961
-885
-788
-664
-521
-365
-193
-16
163
339
504
663
807
928
1.06e+03
1.17e+03
1.23e+03
1.26e+03
1.26e+03
1.24e+03
1.21e+03
1.16e+03
1.1e+03
1.03e+03
956
888
827
775
735
708
728
763
779
803
836
879
924
971
1.02e+03
1.06e+03
1.09e+03
1.11e+03
1.12e+03
1.11e+03
1.09e+03
1.05e+03
963
863
776
680
575
460
339
211
80
-53
-184
-313
-444
-564
-680
-789
-920
-977
-1.06e+03
-1.13e+03
-1.18e+03
-1.23e+03
-1.26e+03
-1.28e+03
-1.29e+03
-1.28e+03
-1.26e+03
-1.23e+03
-1.18e+03
-1.13e+03
-1.06e+03
-980
-861
-736
-637
-533
-432
-324
-217
-109
0
111
219
324
431
536
639
736
803
924
1.02e+03
1.1e+03
1.17e+03
1.24e+03
1.3e+03
1.34e+03
1.37e+03
1.38e+03
1.38e+03
1.36e+03
1.33e+03
1.27e+03
1.2e+03
1.1e+03
963
807
667
519
364
203
40
-117
-273
-421
-556
-676
-776
-857
-920
-953
-996
-1.01e+03
-961
-888
-788
-665
-524
-364
-193
-16
163
339
507
663
804
928
1.06e+03
1.17e+03
1.23e+03
1.26e+03
1.26e+03
1.24e+03
1.21e+03
1.16e+03
1.1e+03
1.03e+03
956
888
827
772
735
708
671
708
735
775
827
888
955
1.03e+03
1.1e+03
1.16e+03
1.21e+03
1.24e+03
1.26e+03
1.26e+03
1.23e+03
1.17e+03
1.06e+03
928
807
663
504
339
164
-17
-193
-364
-521
-665
-788
-888
-961
-1.01e+03
-996
-953
-917
-860
-776
-676
-553
-420
-273
-117
43
204
364
519
664
807
904
1.05e+03
1.16e+03
1.24e+03
1.32e+03
1.37e+03
1.42e+03
1.44e+03
1.45e+03
1.44e+03
1.42e+03
1.38e+03
1.32e+03
1.24e+03
1.15e+03
1.05e+03
903
804
667
516
363
203
40
-117
-273
-420
-553
-676
-777
-860
-920
-956
-937
-956
-920
-860
-777
-676
-553
-420
-273
-117
40
203
363
516
667
804
904
1.05e+03
1.16e+03
1.24e+03
1.32e+03
1.38e+03
1.42e+03
1.44e+03
1.45e+03
1.44e+03
1.42e+03
1.38e+03
1.32e+03
1.24e+03
1.16e+03
1.05e+03
904
807
668
516
363
203
43
-117
-273
-420
-553
-673
-776
-860
-920
-953
-936
-953
-920
-860
-777
-676
-553
-417
-272
-117
43
204
364
519
667
807
963
1.1e+03
1.2e+03
1.27e+03
1.33e+03
1.36e+03
1.38e+03
1.38e+03
1.37e+03
1.34e+03
1.3e+03
1.24e+03
1.17e+03
1.1e+03
1.02e+03
927
860
788
680
564
443
316
184
52
-80
-212
-337
-460
-573
-680
-776
-861
-961
-1.05e+03
-1.09e+03
-1.11e+03
-1.12e+03
-1.11e+03
-1.09e+03
-1.06e+03
-1.01e+03
-969
-924
-877
-837
-801
-776
-761
-788
-760
-777
-804
-837
-877
-921
-969
-1.01e+03
-1.05e+03
-1.09e+03
-1.11e+03
-1.12e+03
-1.11e+03
-1.09e+03
-1.05e+03
-961
-861
-776
-680
-573
-460
-337
-212
-80
55
184
315
440
564
680
788
863
927
1.02e+03
1.1e+03
1.17e+03
1.24e+03
1.3e+03
1.34e+03
1.37e+03
1.38e+03
1.38e+03
1.36e+03
1.33e+03
1.27e+03
1.2e+03
1.11e+03
963
807
667
519
363
203
43
-117
-273
-421
-553
-676
-777
-860
-920
-956
-937
-953
-920
-860
-777
-676
-553
-420
-273
-117
40
203
360
519
667
807
903
1.05e+03
1.16e+03
1.24e+03
1.32e+03
1.37e+03
1.42e+03
1.44e+03
1.45e+03
1.44e+03
1.42e+03
1.37e+03
1.32e+03
1.24e+03
1.16e+03
1.05e+03
963
859
711
547
372
192
8
-173
-353
-521
-677
-812
-921
-1.01e+03
-1.06e+03
-1.08e+03
-1.04e+03
-1.02e+03
-949
-841
-708
-553
-377
-192
0
192
379
555
708
843
948
1.02e+03
1.04e+03
1.08e+03
1.06e+03
1e+03
923
812
676
523
355
175
-9
-192
-373
-545
-709
-860
-961
-1.05e+03
-1.16e+03
-1.24e+03
-1.32e+03
-1.37e+03
-1.42e+03
-1.44e+03
-1.45e+03
-1.44e+03
-1.42e+03
-1.37e+03
-1.32e+03
-1.24e+03
-1.16e+03
-1.05e+03
-904
-805
-665
-517
-361
-201
-40
119
275
420
555
676
779
859
919
955
995
1.01e+03
963
887
788
667
523
364
192
16
-164
-337
-505
-661
-805
-929
-1.06e+03
-1.17e+03
-1.23e+03
-1.26e+03
-1.26e+03
-1.24e+03
-1.21e+03
-1.16e+03
-1.09e+03
-1.03e+03
-956
-888
-825
-773
-736
-708
-728
-764
-776
-804
-837
-877
-924
-969
-1.01e+03
-1.06e+03
-1.09e+03
-1.11e+03
-1.12e+03
-1.11e+03
-1.09e+03
-1.05e+03
-961
-861
-777
-680
-573
-457
-340
-212
-80
52
183
315
440
564
683
788
923
980
1.06e+03
1.13e+03
1.18e+03
1.23e+03
1.26e+03
1.28e+03
1.29e+03
1.28e+03
1.26e+03
1.23e+03
1.18e+03
1.13e+03
1.06e+03
980
863
739
639
535
431
324
216
108
0
-108
-217
-324
-429
-533
-636
-736
-861
-980
-1.06e+03
-1.13e+03
-1.18e+03
-1.23e+03
-1.26e+03
-1.28e+03
-1.29e+03
-1.28e+03
-1.26e+03
-1.23e+03
-1.18e+03
-1.13e+03
-1.06e+03
-980
-861
-736
-636
-533
-429
-324
-217
-108
0
108
216
324
431
535
639
739
803
927
1.02e+03
1.1e+03
1.17e+03
1.24e+03
1.3e+03
1.34e+03
1.37e+03
1.38e+03
1.38e+03
1.36e+03
1.33e+03
1.27e+03
1.2e+03
1.11e+03
963
804
667
519
363
203
43
-120
-273
-420
-553
-676
-777
-857
-917
-953
-936
-953
-920
-860
-777
-673
-553
-420
-273
-120
43
203
363
519
667
804
963
1.1e+03
1.2e+03
1.27e+03
1.33e+03
1.36e+03
1.38e+03
1.38e+03
1.37e+03
1.34e+03
1.3e+03
1.24e+03
1.17e+03
1.1e+03
1.02e+03
928
863
792
680
563
440
315
184
52
-80
-212
-337
-460
-573
-680
-776
-860
-961
-1.05e+03
-1.09e+03
-1.11e+03
-1.12e+03
-1.11e+03
-1.09e+03
-1.05e+03
-1.01e+03
-969
-924
-880
-837
-804
-777
-761
-729
-708
-733
-773
-825
-888
-956
-1.03e+03
-1.1e+03
-1.16e+03
-1.21e+03
-1.24e+03
-1.26e+03
-1.26e+03
-1.23e+03
-1.17e+03
-1.06e+03
-929
-804
-664
-505
-337
-161
16
195
364
523
664
788
887
963
1.01e+03
995
955
919
860
776
675
555
419
275
119
-40
-201
-361
-517
-668
-805
-904
-1.05e+03
-1.16e+03
-1.24e+03
-1.32e+03
-1.38e+03
-1.42e+03
-1.44e+03
-1.45e+03
-1.44e+03
-1.41e+03
-1.37e+03
-1.32e+03
-1.24e+03
-1.16e+03
-1.05e+03
-904
-805
-668
-517
-361
-204
-41
119
275
419
555
672
775
860
919
956
995
1.01e+03
960
888
788
664
523
364
195
19
-161
-337
-508
-664
-805
-929
-1e+03
-1.12e+03
-1.18e+03
-1.23e+03
-1.25e+03
-1.25e+03
-1.24e+03
-1.21e+03
-1.18e+03
-1.13e+03
-1.08e+03
-1.03e+03
-969
-920
-872
-832
-829
-829
-808
-785
-769
-757
-748
-741
-741
-741
-748
-757
-769
-785
-805
-829
-829
-832
-873
-920
-969
-1.02e+03
-1.08e+03
-1.13e+03
-1.17e+03
-1.21e+03
-1.24e+03
-1.25e+03
-1.25e+03
-1.23e+03
-1.18e+03
-1.12e+03
-1.06e+03
-981
-848
-692
-517
-329
-129
75
275
467
643
800
932
1.04e+03
1.1e+03
1.13e+03
1.1e+03
1.02e+03
948
840
708
555
380
195
0
-192
-380
-552
-708
-841
-948
-1.02e+03
-1.1e+03
-1.13e+03
-1.1e+03
-1.03e+03
-933
-800
-644
-465
-273
-73
131
328
516
692
848
983
1.12e+03
1.17e+03
1.22e+03
1.26e+03
1.26e+03
1.24e+03
1.21e+03
1.16e+03
1.1e+03
1.03e+03
956
888
827
775
732
708
671
708
735
775
828
887
956
1.02e+03
1.1e+03
1.16e+03
1.21e+03
1.24e+03
1.26e+03
1.26e+03
1.23e+03
1.17e+03
1.06e+03
931
807
664
507
339
163
-17
-193
-364
-520
-665
-789
-888
-964
-1.01e+03
-1.05e+03
-1.01e+03
-961
-889
-788
-664
-521
-361
-193
-16
163
339
507
663
807
931
1.06e+03
1.18e+03
1.23e+03
1.26e+03
1.26e+03
1.24e+03
1.21e+03
1.16e+03
1.1e+03
1.03e+03
956
891
827
775
735
711
668
708
735
772
827
888
956
1.03e+03
1.1e+03
1.16e+03
1.21e+03
1.24e+03
1.26e+03
1.26e+03
1.23e+03
1.17e+03
1.12e+03
983
848
692
519
328
131
-72
-273
-465
-641
-801
-932
-1.03e+03
-1.1e+03
-1.13e+03
-1.1e+03
-1.02e+03
-949
-841
-709
-553
-380
-192
0
192
379
552
708
844
947
1.02e+03
1.04e+03
1.08e+03
1.06e+03
1e+03
920
811
675
523
355
175
-9
-193
-373
-548
-709
-857
-1.02e+03
-1.1e+03
-1.2e+03
-1.27e+03
-1.33e+03
-1.37e+03
-1.38e+03
-1.38e+03
-1.37e+03
-1.34e+03
-1.29e+03
-1.24e+03
-1.17e+03
-1.1e+03
-1.02e+03
-925
-801
-737
-637
-536
-429
-325
-216
-108
-1
108
216
324
431
536
636
736
803
928
1.02e+03
1.1e+03
1.17e+03
1.24e+03
1.3e+03
1.34e+03
1.37e+03
1.38e+03
1.38e+03
1.36e+03
1.33e+03
1.27e+03
1.2e+03
1.1e+03
1.02e+03
860
708
547
375
192
8
-176
-353
-521
-673
-809
-920
-1e+03
-1.06e+03
-1.08e+03
-1.04e+03
-1.03e+03
-948
-844
-709
-552
-377
-193
-1
192
380
552
708
843
948
1.02e+03
1.04e+03
1.08e+03
1.06e+03
1e+03
920
811
676
523
355
176
-9
-193
-372
-548
-709
-857
-1.02e+03
-1.1e+03
-1.2e+03
-1.27e+03
-1.33e+03
-1.37e+03
-1.38e+03
-1.38e+03
-1.37e+03
-1.34e+03
-1.29e+03
-1.24e+03
-1.17e+03
-1.1e+03
-1.02e+03
-928
-861
-788
-680
-564
-441
-313
-184
-52
80
212
336
460
576
680
776
860
964
1.05e+03
1.09e+03
1.11e+03
1.12e+03
1.11e+03
1.09e+03
1.06e+03
1.02e+03
968
923
879
836
803
776
763
788
760
779
804
839
879
924
971
1.02e+03
1.06e+03
1.09e+03
1.11e+03
1.12e+03
1.11e+03
1.09e+03
1.05e+03
963
860
776
680
575
459
339
211
83
-52
-184
-316
-441
-564
-680
-789
-920
-980
-1.06e+03
-1.13e+03
-1.18e+03
-1.23e+03
-1.26e+03
-1.28e+03
-1.29e+03
-1.28e+03
-1.26e+03
-1.23e+03
-1.19e+03
-1.13e+03
-1.06e+03
-980
-861
-736
-637
-536
-432
-321
-217
-108
0
108
215
324
428
535
635
736
863
980
1.06e+03
1.13e+03
1.18e+03
1.23e+03
1.26e+03
1.28e+03
1.29e+03
1.28e+03
1.26e+03
1.23e+03
1.18e+03
1.13e+03
1.06e+03
980
920
792
680
563
443
315
184
52
-80
-212
-340
-460
-573
-680
-776
-860
-904
-996
-1.05e+03
-1.08e+03
-1.1e+03
-1.12e+03
-1.12e+03
-1.11e+03
-1.1e+03
-1.07e+03
-1.04e+03
-1.01e+03
-981
-949
-917
-884
-888
-829
-805
-785
-769
-756
-745
-744
-741
-744
-748
-757
-768
-785
-808
-829
-828
-833
-873
-920
-969
-1.02e+03
-1.08e+03
-1.13e+03
-1.17e+03
-1.21e+03
-1.24e+03
-1.25e+03
-1.25e+03
-1.23e+03
-1.18e+03
-1.12e+03
-1.01e+03
-929
-805
-664
-508
-336
-161
16
195
364
523
664
788
888
963
1.01e+03
995
955
919
860
776
676
555
419
275
119
-44
-204
-364
-520
-668
-805
-904
-1.05e+03
-1.15e+03
-1.24e+03
-1.32e+03
-1.38e+03
-1.42e+03
-1.44e+03
-1.45e+03
-1.44e+03
-1.42e+03
-1.37e+03
-1.32e+03
-1.24e+03
-1.16e+03
-1.05e+03
-964
-857
-709
-545
-372
-192
-8
175
352
523
676
811
923
1e+03
1.06e+03
1.08e+03
1.04e+03
1.02e+03
947
843
708
552
380
192
-1
-193
-377
-553
-709
-844
-949
-1.02e+03
-1.1e+03
-1.13e+03
-1.1e+03
-1.03e+03
-932
-800
-641
-465
-273
-72
131
328
516
695
848
983
1.06e+03
1.12e+03
1.18e+03
1.23e+03
1.25e+03
1.26e+03
1.24e+03
1.21e+03
1.18e+03
1.13e+03
1.08e+03
1.02e+03
968
919
875
835
831
831
807
784
771
756
748
743
740
743
748
756
771
784
807
831
828
832
872
920
971
1.02e+03
1.08e+03
1.13e+03
1.18e+03
1.21e+03
1.24e+03
1.25e+03
1.25e+03
1.23e+03
1.18e+03
1.12e+03
1e+03
931
807
663
507
339
163
-16
-193
-361
-521
-664
-788
-889
-961
-1.01e+03
-1.05e+03
-1.01e+03
-964
-888
-789
-665
-520
-364
-193
-17
163
339
507
664
807
931
1e+03
1.12e+03
1.18e+03
1.23e+03
1.25e+03
1.25e+03
1.24e+03
1.21e+03
1.18e+03
1.13e+03
1.08e+03
1.02e+03
971
920
875
832
828
831
807
787
768
756
747
743
743
743
747
756
768
787
807
831
887
887
915
948
983
1.02e+03
1.04e+03
1.08e+03
1.1e+03
1.11e+03
1.12e+03
1.12e+03
1.1e+03
1.08e+03
1.05e+03
995
904
860
776
680
575
459
336
211
80
-52
-184
-313
-441
-564
-680
-789
-861
-928
-1.02e+03
-1.1e+03
-1.17e+03
-1.24e+03
-1.29e+03
-1.34e+03
-1.37e+03
-1.38e+03
-1.38e+03
-1.37e+03
-1.33e+03
-1.27e+03
-1.2e+03
-1.1e+03
-961
-805
-665
-517
-361
-201
-40
119
275
420
555
676
779
859
919
955
995
1.01e+03
963
888
788
664
523
363
192
19
-161
-337
-505
-664
-805
-928
-1.06e+03
-1.17e+03
-1.23e+03
-1.26e+03
-1.26e+03
-1.24e+03
-1.21e+03
-1.16e+03
-1.1e+03
-1.03e+03
-957
-888
-825
-773
-733
-709
-728
-761
-777
-804
-837
-880
-924
-969
-1.01e+03
-1.05e+03
-1.09e+03
-1.11e+03
-1.12e+03
-1.11e+03
-1.09e+03
-1.05e+03
-964
-861
-776
-680
-573
-460
-337
-209
-80
52
184
315
443
563
680
791
863
927
1.02e+03
1.1e+03
1.18e+03
1.24e+03
1.3e+03
1.34e+03
1.37e+03
1.38e+03
1.38e+03
1.36e+03
1.33e+03
1.28e+03
1.2e+03
1.1e+03
1.02e+03
859
711
547
372
192
11
-173
-353
-524
-676
-809
-921
-1.01e+03
-1.06e+03
-1.08e+03
-1.04e+03
-1.02e+03
-948
-841
-708
-553
-377
-192
0
191
379
552
708
843
948
1.02e+03
1.04e+03
1.08e+03
1.06e+03
1e+03
920
808
675
520
355
176
-9
-192
-373
-545
-709
-857
-1.02e+03
-1.1e+03
-1.2e+03
-1.27e+03
-1.33e+03
-1.36e+03
-1.38e+03
-1.38e+03
-1.37e+03
-1.34e+03
-1.29e+03
-1.24e+03
-1.17e+03
-1.1e+03
-1.02e+03
-928
-801
-736
-637
-533
-429
-325
-216
-109
0
108
216
324
431
535
639
736
803
927
1.02e+03
1.1e+03
1.17e+03
1.24e+03
1.29e+03
1.34e+03
1.37e+03
1.38e+03
1.38e+03
1.36e+03
1.33e+03
1.27e+03
1.2e+03
1.1e+03
963
804
667
519
363
203
40
-117
-273
-420
-556
-676
-777
-860
-917
-953
-996
-1.01e+03
-961
-888
-788
-664
-521
-364
-193
-17
160
339
507
663
804
928
1.06e+03
1.17e+03
1.23e+03
1.26e+03
1.26e+03
1.24e+03
1.21e+03
1.16e+03
1.1e+03
1.03e+03
956
888
827
775
735
711
668
707
735
775
827
888
956
1.03e+03
1.1e+03
1.16e+03
1.21e+03
1.24e+03
1.26e+03
1.26e+03
1.23e+03
1.17e+03
1.06e+03
931
804
663
507
336
163
-17
-193
-365
-521
-664
-789
-889
-961
-1.01e+03
-996
-953
-920
-860
-776
-676
-553
-420
-273
-117
40
203
360
519
667
807
963
1.1e+03
1.2e+03
1.27e+03
1.33e+03
1.37e+03
1.38e+03
1.38e+03
1.37e+03
1.34e+03
1.29e+03
1.24e+03
1.18e+03
1.1e+03
1.02e+03
928
803
739
636
535
431
324
216
108
3
-108
-216
-324
-429
-536
-636
-737
-861
-980
-1.06e+03
-1.13e+03
-1.18e+03
-1.23e+03
-1.26e+03
-1.28e+03
-1.29e+03
-1.28e+03
-1.26e+03
-1.23e+03
-1.18e+03
-1.13e+03
-1.06e+03
-980
-861
-737
-637
-536
-432
-324
-217
-109
0
108
216
324
428
535
639
735
803
927
1.02e+03
1.1e+03
1.17e+03
1.24e+03
1.3e+03
1.34e+03
1.37e+03
1.38e+03
1.38e+03
1.36e+03
1.33e+03
1.27e+03
1.2e+03
1.1e+03
1.02e+03
856
708
547
372
195
7
-173
-352
-521
-676
-809
-921
-1e+03
-1.06e+03
-1.08e+03
-1.1e+03
-1.08e+03
-992
-872
-720
-544
-348
-137
83
295
500
688
852
987
1.09e+03
1.15e+03
1.14e+03
1.15e+03
1.09e+03
988
852
688
500
295
80
-137
-348
-544
-720
-869
-992
-1.08e+03
-1.16e+03
-1.13e+03
-1.1e+03
-1.03e+03
-932
-797
-644
-464
-273
-72
131
331
519
692
848
983
1.06e+03
1.12e+03
1.18e+03
1.23e+03
1.25e+03
1.25e+03
1.24e+03
1.21e+03
1.17e+03
1.13e+03
1.08e+03
1.02e+03
971
919
872
835
831
831
808
787
768
759
748
744
743
743
747
756
771
787
804
831
888
884
916
951
983
1.02e+03
1.04e+03
1.07e+03
1.1e+03
1.11e+03
1.12e+03
1.12e+03
1.1e+03
1.08e+03
1.04e+03
996
960
915
820
708
584
451
304
155
0
-153
-304
-449
-585
-709
-820
-913
-964
-996
-1.05e+03
-1.08e+03
-1.11e+03
-1.12e+03
-1.12e+03
-1.11e+03
-1.1e+03
-1.07e+03
-1.05e+03
-1.01e+03
-981
-948
-916
-884
-829
-777
-764
-760
-760
-768
-781
-797
-820
-844
-869
-893
-913
-932
-944
-956
-929
-901
-904
-901
-904
-901
-901
-901
-901
-904
-901
-900
-901
-901
-904
-901
-929
-956
-945
-932
-912
-893
-868
-844
-820
-800
-780
-765
-760
-757
-761
-777
-829
-888
-917
-949
-981
-1.02e+03
-1.05e+03
-1.07e+03
-1.1e+03
-1.11e+03
-1.12e+03
-1.12e+03
-1.11e+03
-1.08e+03
-1.04e+03
-993
-904
-860
-776
-680
-573
-460
-337
-212
-80
52
184
315
440
563
680
788
920
980
1.06e+03
1.13e+03
1.18e+03
1.23e+03
1.26e+03
1.28e+03
1.29e+03
1.28e+03
1.26e+03
1.23e+03
1.18e+03
1.13e+03
1.06e+03
980
863
736
636
536
431
327
216
108
3
-109
-217
-325
-429
-536
-636
-736
-861
-981
-1.06e+03
-1.13e+03
-1.18e+03
-1.23e+03
-1.26e+03
-1.28e+03
-1.29e+03
-1.28e+03
-1.26e+03
-1.23e+03
-1.18e+03
-1.13e+03
-1.06e+03
-980
-861
-737
-637
-533
-432
-325
-216
-109
-1
108
216
324
431
536
636
736
863
979
1.06e+03
1.13e+03
1.18e+03
1.23e+03
1.26e+03
1.28e+03
1.29e+03
1.28e+03
1.26e+03
1.23e+03
1.18e+03
1.13e+03
1.06e+03
980
920
788
680
563
443
316
184
52
-81
-209
-337
-457
-573
-681
-776
-861
-904
-996
-1.04e+03
-1.08e+03
-1.11e+03
-1.12e+03
-1.12e+03
-1.11e+03
-1.09e+03
-1.07e+03
-1.05e+03
-1.01e+03
-980
-949
-916
-885
-828
-777
-764
-757
-757
-765
-780
-797
-820
-845
-869
-892
-913
-932
-945
-953
-929
-901
-901
-904
-904
-904
-901
-901
-901
-901
-901
-901
-901
-901
-901
-901
-929
-956
-948
-929
-912
-892
-869
-845
-821
-800
-781
-765
-757
-756
-761
-777
-828
-885
-916
-948
-984
-1.01e+03
-1.05e+03
-1.07e+03
-1.1e+03
-1.11e+03
-1.12e+03
-1.12e+03
-1.1e+03
-1.08e+03
-1.04e+03
-996
-904
-861
-777
-681
-573
-460
-337
-212
-80
55
184
316
440
564
680
791
860
927
1.02e+03
1.1e+03
1.17e+03
1.24e+03
1.3e+03
1.34e+03
1.37e+03
1.38e+03
1.38e+03
1.36e+03
1.33e+03
1.27e+03
1.2e+03
1.1e+03
1.02e+03
859
711
547
375
192
11
-176
-353
-520
-676
-809
-920
-1e+03
-1.06e+03
-1.08e+03
-1.1e+03
-1.08e+03
-992
-872
-720
-544
-348
-136
80
295
500
688
855
988
1.09e+03
1.15e+03
1.2e+03
1.2e+03
1.13e+03
1.02e+03
864
679
468
239
0
-237
-468
-680
-861
-1.02e+03
-1.13e+03
-1.2e+03
-1.26e+03
-1.2e+03
-1.13e+03
-1.02e+03
-864
-680
-468
-240
-1
239
467
679
863
1.02e+03
1.13e+03
1.2e+03
1.26e+03
1.2e+03
1.13e+03
1.02e+03
864
679
468
236
0
-240
-468
-680
-864
-1.02e+03
-1.13e+03
-1.2e+03
-1.26e+03
-1.2e+03
-1.13e+03
-1.02e+03
-864
-680
-468
-237
0
239
468
679
864
1.02e+03
1.13e+03
1.2e+03
1.2e+03
1.15e+03
1.09e+03
987
852
688
500
295
80
-136
-345
-544
-720
-869
-992
-1.08e+03
-1.16e+03
-1.13e+03
-1.1e+03
-1.03e+03
-932
-800
-644
-465
-273
-73
131
328
516
692
848
983
1.06e+03
1.12e+03
1.18e+03
1.23e+03
1.25e+03
1.25e+03
1.24e+03
1.21e+03
1.18e+03
1.13e+03
1.08e+03
1.02e+03
971
920
872
832
828
831
807
784
771
756
748
743
740
743
748
756
771
784
807
831
888
884
916
948
983
1.02e+03
1.05e+03
1.07e+03
1.1e+03
1.11e+03
1.12e+03
1.12e+03
1.11e+03
1.08e+03
1.04e+03
995
904
863
776
680
575
460
336
211
80
-52
-184
-313
-444
-564
-681
-789
-920
-981
-1.06e+03
-1.13e+03
-1.18e+03
-1.23e+03
-1.26e+03
-1.28e+03
-1.29e+03
-1.28e+03
-1.26e+03
-1.23e+03
-1.18e+03
-1.13e+03
-1.06e+03
-980
-921
-789
-680
-564
-441
-313
-184
-52
80
211
339
460
575
680
776
860
903
996
1.04e+03
1.08e+03
1.1e+03
1.12e+03
1.12e+03
1.11e+03
1.1e+03
1.07e+03
1.04e+03
1.02e+03
980
948
916
884
828
779
764
756
759
767
780
800
823
847
868
892
912
932
947
955
931
903
903
903
903
903
903
903
900
903
903
903
903
903
903
900
931
955
944
932
915
895
871
844
820
799
780
767
759
759
764
779
771
832
872
920
971
1.02e+03
1.08e+03
1.13e+03
1.18e+03
1.21e+03
1.24e+03
1.25e+03
1.25e+03
1.23e+03
1.18e+03
1.12e+03
1e+03
931
807
663
508
339
164
-16
-193
-364
-521
-665
-788
-888
-961
-1.01e+03
-1.05e+03
-1.01e+03
-961
-885
-789
-665
-521
-364
-193
-16
163
339
504
663
804
931
1e+03
1.12e+03
1.18e+03
1.23e+03
1.25e+03
1.25e+03
1.24e+03
1.21e+03
1.18e+03
1.13e+03
1.08e+03
1.02e+03
971
920
875
835
828
831
807
787
771
756
748
743
740
743
748
759
771
787
807
831
827
832
875
919
971
1.02e+03
1.08e+03
1.13e+03
1.17e+03
1.21e+03
1.24e+03
1.25e+03
1.25e+03
1.23e+03
1.18e+03
1.12e+03
1.06e+03
983
848
692
519
328
131
-72
-273
-465
-641
-801
-932
-1.03e+03
-1.1e+03
-1.13e+03
-1.09e+03
-1.02e+03
-948
-844
-712
-552
-380
-193
0
192
380
552
708
843
948
1.02e+03
1.04e+03
1.08e+03
1.06e+03
1e+03
920
808
676
523
352
176
-9
-193
-373
-548
-709
-857
-1.02e+03
-1.1e+03
-1.2e+03
-1.27e+03
-1.33e+03
-1.36e+03
-1.38e+03
-1.38e+03
-1.37e+03
-1.34e+03
-1.29e+03
-1.24e+03
-1.17e+03
-1.1e+03
-1.02e+03
-928
-861
-789
-681
-564
-441
-313
-184
-52
80
211
336
459
572
680
776
863
963
1.05e+03
1.09e+03
1.11e+03
1.12e+03
1.11e+03
1.09e+03
1.06e+03
1.02e+03
971
924
879
836
804
779
763
788
763
779
803
836
879
923
971
1.02e+03
1.06e+03
1.09e+03
1.11e+03
1.12e+03
1.11e+03
1.09e+03
1.05e+03
963
860
776
680
575
460
336
211
83
-53
-184
-316
-441
-564
-680
-789
-920
-980
-1.06e+03
-1.13e+03
-1.18e+03
-1.23e+03
-1.26e+03
-1.28e+03
-1.29e+03
-1.28e+03
-1.26e+03
-1.23e+03
-1.18e+03
-1.13e+03
-1.06e+03
-980
-920
-789
-680
-564
-441
-316
-184
-53
83
211
336
460
575
680
776
860
960
1.05e+03
1.09e+03
1.11e+03
1.12e+03
1.11e+03
1.09e+03
1.06e+03
1.02e+03
971
924
879
839
803
776
763
728
711
735
775
827
888
959
1.03e+03
1.1e+03
1.16e+03
1.21e+03
1.24e+03
1.26e+03
1.26e+03
1.23e+03
1.18e+03
1.06e+03
928
804
663
507
339
160
-16
-193
-361
-521
-664
-788
-888
-964
-1.01e+03
-1.05e+03
-1.01e+03
-961
-888
-788
-665
-521
-364
-193
-16
160
339
507
664
807
928
1e+03
1.12e+03
1.18e+03
1.23e+03
1.25e+03
1.25e+03
1.24e+03
1.21e+03
1.18e+03
1.13e+03
1.08e+03
1.02e+03
971
919
872
832
828
828
807
787
772
759
748
744
740
744
751
759
768
788
807
831
887
887
916
947
983
1.02e+03
1.04e+03
1.07e+03
1.1e+03
1.11e+03
1.12e+03
1.12e+03
1.1e+03
1.08e+03
1.04e+03
996
964
915
819
711
587
451
304
155
-1
-153
-305
-449
-584
-709
-817
-913
-961
-996
-1.05e+03
-1.08e+03
-1.11e+03
-1.12e+03
-1.12e+03
-1.11e+03
-1.09e+03
-1.07e+03
-1.05e+03
-1.01e+03
-981
-948
-916
-885
-888
-832
-804
-785
-769
-756
-748
-744
-741
-744
-748
-756
-769
-785
-804
-832
-828
-833
-872
-920
-969
-1.02e+03
-1.08e+03
-1.13e+03
-1.18e+03
-1.21e+03
-1.24e+03
-1.25e+03
-1.25e+03
-1.23e+03
-1.18e+03
-1.12e+03
-1.01e+03
-929
-804
-661
-508
-337
-160
19
195
364
523
664
788
887
963
1.01e+03
1.06e+03
1.01e+03
963
887
788
664
523
364
195
19
-160
-337
-508
-661
-804
-929
-1.01e+03
-1.12e+03
-1.18e+03
-1.23e+03
-1.25e+03
-1.25e+03
-1.24e+03
-1.21e+03
-1.18e+03
-1.13e+03
-1.08e+03
-1.02e+03
-969
-920
-872
-833
-769
-776
-764
-757
-757
-765
-781
-800
-821
-844
-868
-892
-913
-929
-945
-956
-929
-900
-901
-901
-901
-904
-901
-901
-900
-901
-901
-901
-904
-901
-901
-901
-869
-900
-904
-904
-904
-904
-901
-901
-901
-901
-901
-901
-901
-901
-904
-901
-929
-953
-948
-932
-913
-893
-869
-845
-821
-800
-781
-768
-760
-757
-761
-780
-829
-885
-917
-948
-981
-1.01e+03
-1.05e+03
-1.07e+03
-1.09e+03
-1.11e+03
-1.12e+03
-1.12e+03
-1.11e+03
-1.08e+03
-1.05e+03
-996
-961
-913
-820
-708
-585
-449
-305
-153
0
152
304
451
584
708
819
912
1.02e+03
1.05e+03
1.09e+03
1.11e+03
1.12e+03
1.11e+03
1.09e+03
1.05e+03
1.02e+03
971
923
880
839
803
776
763
728
708
735
775
827
888
956
1.03e+03
1.1e+03
1.16e+03
1.21e+03
1.24e+03
1.26e+03
1.26e+03
1.23e+03
1.17e+03
1.06e+03
928
804
663
507
339
163
-16
-192
-364
-521
-665
-788
-888
-961
-1.01e+03
-1.05e+03
-1.01e+03
-961
-888
-788
-664
-524
-364
-192
-17
163
339
507
663
807
928
1e+03
1.12e+03
1.18e+03
1.23e+03
1.25e+03
1.25e+03
1.24e+03
1.21e+03
1.17e+03
1.13e+03
1.08e+03
1.02e+03
971
919
875
832
828
831
804
787
771
756
748
744
743
743
748
756
771
784
807
831
831
832
875
919
971
1.02e+03
1.08e+03
1.13e+03
1.18e+03
1.21e+03
1.24e+03
1.25e+03
1.25e+03
1.23e+03
1.18e+03
1.12e+03
1e+03
928
804
664
507
339
160
-16
-193
-364
-521
-665
-789
-888
-961
-1.01e+03
-1.05e+03
-1.01e+03
-961
-888
-789
-665
-521
-364
-193
-16
160
339
507
664
804
928
1e+03
1.12e+03
1.18e+03
1.23e+03
1.25e+03
1.25e+03
1.24e+03
1.21e+03
1.18e+03
1.13e+03
1.08e+03
1.02e+03
971
919
875
832
771
779
764
759
759
767
780
799
823
844
868
892
912
932
944
955
928
903
903
900
900
903
900
903
900
903
900
903
900
900
903
903
871
903
903
903
903
900
903
903
903
900
903
903
903
903
903
900
928
956
947
932
912
892
868
847
823
799
780
767
759
756
764
776
771
835
875
919
971
1.02e+03
1.08e+03
1.13e+03
1.18e+03
1.21e+03
1.24e+03
1.25e+03
1.25e+03
1.23e+03
1.18e+03
1.12e+03
1e+03
931
807
663
507
339
164
-13
-193
-361
-521
-664
-788
-888
-961
-1.01e+03
-1.05e+03
-1.01e+03
-964
-889
-788
-664
-521
-364
-193
-17
163
339
507
664
807
931
1.06e+03
1.17e+03
1.23e+03
1.26e+03
1.26e+03
1.24e+03
1.21e+03
1.16e+03
1.1e+03
1.03e+03
956
887
827
775
736
708
668
708
736
775
827
888
956
1.03e+03
1.1e+03
1.16e+03
1.21e+03
1.24e+03
1.26e+03
1.26e+03
1.23e+03
1.17e+03
1.06e+03
931
804
664
507
339
163
-16
-193
-364
-521
-665
-788
-888
-961
-1.01e+03
-993
-956
-917
-860
-776
-676
-553
-420
-273
-117
43
203
363
519
667
807
904
1.05e+03
1.16e+03
1.24e+03
1.32e+03
1.38e+03
1.42e+03
1.44e+03
1.45e+03
1.44e+03
1.42e+03
1.38e+03
1.32e+03
1.24e+03
1.16e+03
1.05e+03
963
859
708
548
375
192
11
-176
-353
-521
-676
-808
-921
-1.01e+03
-1.06e+03
-1.08e+03
-1.1e+03
-1.08e+03
-992
-869
-720
-545
-345
-136
80
295
500
688
852
988
1.09e+03
1.15e+03
1.14e+03
1.15e+03
1.09e+03
988
855
688
500
296
80
-136
-345
-541
-721
-872
-989
-1.08e+03
-1.15e+03
-1.13e+03
-1.1e+03
-1.03e+03
-929
-800
-641
-465
-272
-72
131
328
516
692
851
983
1.06e+03
1.12e+03
1.18e+03
1.23e+03
1.25e+03
1.26e+03
1.24e+03
1.21e+03
1.18e+03
1.13e+03
1.08e+03
1.02e+03
971
919
872
835
831
831
807
784
771
759
748
744
743
744
751
759
771
787
807
832
828
832
875
919
971
1.02e+03
1.08e+03
1.13e+03
1.18e+03
1.21e+03
1.24e+03
1.25e+03
1.25e+03
1.23e+03
1.18e+03
1.12e+03
1.06e+03
983
848
691
519
328
131
-73
-273
-465
-644
-800
-932
-1.03e+03
-1.1e+03
-1.13e+03
-1.1e+03
-1.02e+03
-948
-841
-709
-553
-377
-192
0
195
380
555
711
843
948
1.02e+03
1.1e+03
1.13e+03
1.1e+03
1.03e+03
931
800
644
464
272
72
-129
-329
-517
-692
-849
-984
-1.06e+03
-1.12e+03
-1.19e+03
-1.23e+03
-1.25e+03
-1.25e+03
-1.24e+03
-1.21e+03
-1.17e+03
-1.13e+03
-1.08e+03
-1.02e+03
-972
-920
-873
-833
-828
-829
-808
-785
-769
-757
-749
-744
-741
-744
-748
-756
-772
-785
-805
-829
-888
-885
-917
-948
-981
-1.01e+03
-1.04e+03
-1.07e+03
-1.09e+03
-1.11e+03
-1.12e+03
-1.12e+03
-1.11e+03
-1.08e+03
-1.04e+03
-996
-961
-913
-820
-708
-584
-449
-305
-153
0
155
307
451
587
711
820
915
1.02e+03
1.05e+03
1.09e+03
1.11e+03
1.12e+03
1.11e+03
1.09e+03
1.06e+03
1.02e+03
971
923
879
839
803
776
763
787
760
779
803
836
879
924
971
1.02e+03
1.06e+03
1.09e+03
1.11e+03
1.12e+03
1.11e+03
1.09e+03
1.05e+03
1.02e+03
915
820
711
584
448
304
155
0
-153
-304
-448
-584
-709
-820
-913
-1.02e+03
-1.05e+03
-1.09e+03
-1.11e+03
-1.12e+03
-1.11e+03
-1.09e+03
-1.06e+03
-1.01e+03
-969
-924
-877
-837
-804
-777
-761
-728
-708
-733
-773
-825
-888
-956
-1.03e+03
-1.09e+03
-1.16e+03
-1.21e+03
-1.24e+03
-1.26e+03
-1.25e+03
-1.23e+03
-1.17e+03
-1.12e+03
-981
-848
-693
-517
-328
-129
75
275
464
643
800
932
1.03e+03
1.1e+03
1.13e+03
1.16e+03
1.08e+03
992
872
720
544
348
139
-80
-296
-500
-689
-853
-985
-1.09e+03
-1.15e+03
-1.2e+03
-1.2e+03
-1.13e+03
-1.02e+03
-865
-680
-465
-237
0
239
468
680
864
1.02e+03
1.13e+03
1.2e+03
1.2e+03
1.15e+03
1.09e+03
988
855
688
500
295
80
-136
-345
-544
-721
-872
-992
-1.08e+03
-1.16e+03
-1.13e+03
-1.1e+03
-1.03e+03
-929
-801
-644
-465
-273
-73
128
328
516
691
848
983
1.12e+03
1.17e+03
1.23e+03
1.26e+03
1.26e+03
1.24e+03
1.21e+03
1.16e+03
1.1e+03
1.03e+03
956
887
827
775
735
708
671
708
736
775
827
888
956
1.03e+03
1.1e+03
1.16e+03
1.21e+03
1.24e+03
1.26e+03
1.26e+03
1.23e+03
1.17e+03
1.12e+03
984
848
692
516
328
131
-73
-273
-465
-644
-800
-933
-1.03e+03
-1.1e+03
-1.13e+03
-1.1e+03
-1.02e+03
-949
-844
-709
-553
-377
-193
-1
192
380
552
708
843
947
1.02e+03
1.04e+03
1.08e+03
1.06e+03
1e+03
920
812
676
523
355
175
-8
-192
-373
-548
-709
-857
-964
-1.05e+03
-1.16e+03
-1.24e+03
-1.32e+03
-1.37e+03
-1.42e+03
-1.44e+03
-1.45e+03
-1.44e+03
-1.42e+03
-1.37e+03
-1.32e+03
-1.24e+03
-1.15e+03
-1.05e+03
-961
-857
-709
-548
-373
-193
-9
175
355
523
676
811
923
1e+03
1.06e+03
1.08e+03
1.04e+03
1.02e+03
951
843
708
552
380
192
0
-193
-380
-553
-708
-841
-948
-1.02e+03
-1.1e+03
-1.13e+03
-1.1e+03
-1.04e+03
-932
-801
-641
-464
-273
-73
131
328
519
692
848
983
1.12e+03
1.18e+03
1.23e+03
1.26e+03
1.26e+03
1.24e+03
1.21e+03
1.16e+03
1.1e+03
1.03e+03
956
887
827
772
735
708
727
763
779
804
836
879
923
971
1.02e+03
1.05e+03
1.08e+03
1.11e+03
1.12e+03
1.11e+03
1.09e+03
1.05e+03
1.02e+03
915
819
711
587
451
307
155
0
-153
-305
-448
-585
-709
-820
-913
-961
-996
-1.04e+03
-1.08e+03
-1.11e+03
-1.12e+03
-1.12e+03
-1.11e+03
-1.09e+03
-1.07e+03
-1.05e+03
-1.01e+03
-980
-949
-916
-885
-828
-777
-764
-757
-757
-765
-780
-797
-820
-845
-869
-892
-913
-932
-945
-953
-988
-953
-944
-932
-916
-893
-869
-845
-821
-797
-780
-768
-757
-756
-764
-777
-769
-832
-872
-917
-969
-1.02e+03
-1.08e+03
-1.13e+03
-1.17e+03
-1.21e+03
-1.24e+03
-1.25e+03
-1.25e+03
-1.23e+03
-1.18e+03
-1.12e+03
-1.06e+03
-981
-848
-692
-516
-329
-129
72
275
467
643
800
931
1.04e+03
1.1e+03
1.13e+03
1.16e+03
1.08e+03
992
872
720
543
348
136
-80
-293
-500
-688
-853
-988
-1.09e+03
-1.15e+03
-1.2e+03
-1.2e+03
-1.13e+03
-1.02e+03
-864
-677
-465
-237
3
239
468
679
864
1.02e+03
1.13e+03
1.2e+03
1.2e+03
1.15e+03
1.09e+03
988
855
691
500
295
80
-136
-348
-541
-721
-872
-992
-1.08e+03
-1.1e+03
-1.08e+03
-1.06e+03
-1.01e+03
-921
-812
-677
-521
-353
-173
8
192
372
547
711
859
1.02e+03
1.1e+03
1.2e+03
1.27e+03
1.33e+03
1.36e+03
1.38e+03
1.38e+03
1.37e+03
1.34e+03
1.29e+03
1.24e+03
1.18e+03
1.1e+03
1.02e+03
927
860
788
680
564
440
315
183
52
-80
-212
-340
-460
-576
-680
-776
-860
-904
-996
-1.05e+03
-1.08e+03
-1.11e+03
-1.12e+03
-1.12e+03
-1.11e+03
-1.09e+03
-1.07e+03
-1.05e+03
-1.01e+03
-981
-949
-916
-888
-888
-829
-804
-785
-769
-757
-749
-741
-741
-744
-748
-756
-769
-785
-808
-829
-885
-885
-916
-948
-980
-1.01e+03
-1.05e+03
-1.07e+03
-1.09e+03
-1.11e+03
-1.12e+03
-1.12e+03
-1.1e+03
-1.08e+03
-1.05e+03
-996
-964
-912
-817
-708
-585
-448
-305
-153
0
155
304
448
587
708
819
912
1.02e+03
1.05e+03
1.09e+03
1.11e+03
1.12e+03
1.11e+03
1.08e+03
1.06e+03
1.02e+03
971
924
879
836
804
776
763
728
708
735
776
827
887
956
1.03e+03
1.1e+03
1.16e+03
1.21e+03
1.24e+03
1.26e+03
1.26e+03
1.23e+03
1.18e+03
1.12e+03
983
847
692
516
328
131
-73
-273
-465
-644
-797
-932
-1.03e+03
-1.1e+03
-1.13e+03
-1.1e+03
-1.02e+03
-948
-844
-709
-553
-377
-193
0
192
379
552
708
840
947
1.02e+03
1.1e+03
1.13e+03
1.1e+03
1.04e+03
932
800
643
467
275
72
-129
-328
-517
-692
-849
-984
-1.12e+03
-1.17e+03
-1.23e+03
-1.26e+03
-1.26e+03
-1.24e+03
-1.21e+03
-1.16e+03
-1.09e+03
-1.03e+03
-956
-888
-828
-772
-736
-709
-669
-709
-736
-772
-828
-888
-956
-1.03e+03
-1.09e+03
-1.16e+03
-1.21e+03
-1.24e+03
-1.26e+03
-1.26e+03
-1.23e+03
-1.17e+03
-1.06e+03
-928
-805
-661
-505
-337
-164
16
195
364
523
667
787
888
963
1.01e+03
1.06e+03
1.01e+03
960
888
791
664
523
363
192
16
-164
-337
-505
-664
-805
-928
-1.01e+03
-1.12e+03
-1.19e+03
-1.23e+03
-1.25e+03
-1.25e+03
-1.24e+03
-1.21e+03
-1.17e+03
-1.13e+03
-1.08e+03
-1.02e+03
-972
-920
-873
-833
-828
-829
-808
-785
-769
-757
-749
-744
-741
-744
-748
-756
-772
-785
-805
-829
-888
-885
-916
-949
-981
-1.01e+03
-1.05e+03
-1.07e+03
-1.09e+03
-1.11e+03
-1.12e+03
-1.12e+03
-1.1e+03
-1.08e+03
-1.05e+03
-996
-904
-861
-776
-680
-573
-460
-337
-212
-80
52
183
315
443
564
679
788
920
979
1.06e+03
1.13e+03
1.19e+03
1.23e+03
1.26e+03
1.28e+03
1.29e+03
1.28e+03
1.26e+03
1.23e+03
1.18e+03
1.13e+03
1.06e+03
980
863
739
639
535
432
323
219
108
0
-108
-216
-324
-429
-533
-637
-733
-861
-980
-1.06e+03
-1.13e+03
-1.18e+03
-1.23e+03
-1.26e+03
-1.28e+03
-1.29e+03
-1.28e+03
-1.26e+03
-1.23e+03
-1.18e+03
-1.13e+03
-1.06e+03
-980
-920
-789
-680
-564
-441
-313
-184
-52
80
211
336
459
575
680
776
860
903
995
1.05e+03
1.08e+03
1.11e+03
1.12e+03
1.12e+03
1.11e+03
1.1e+03
1.07e+03
1.04e+03
1.02e+03
980
948
916
884
828
776
764
756
759
767
780
799
823
847
868
892
912
932
947
956
988
955
947
932
915
892
871
847
823
799
780
767
759
756
764
779
828
884
915
948
983
1.02e+03
1.04e+03
1.07e+03
1.1e+03
1.11e+03
1.12e+03
1.12e+03
1.11e+03
1.08e+03
1.05e+03
995
963
915
820
708
584
451
304
155
0
-153
-304
-449
-585
-709
-820
-913
-961
-993
-1.05e+03
-1.08e+03
-1.11e+03
-1.12e+03
-1.12e+03
-1.11e+03
-1.1e+03
-1.07e+03
-1.05e+03
-1.01e+03
-981
-949
-917
-885
-888
-829
-805
-784
-769
-757
-748
-744
-741
-744
-749
-757
-769
-785
-805
-832
-828
-833
-873
-920
-972
-1.02e+03
-1.08e+03
-1.13e+03
-1.17e+03
-1.21e+03
-1.24e+03
-1.25e+03
-1.25e+03
-1.23e+03
-1.18e+03
-1.12e+03
-1e+03
-929
-805
-664
-505
-336
-161
16
192
364
523
664
788
888
963
1.01e+03
995
955
919
859
779
675
555
419
275
119
-41
-204
-364
-520
-665
-805
-901
-1.05e+03
-1.15e+03
-1.24e+03
-1.32e+03
-1.37e+03
-1.41e+03
-1.44e+03
-1.45e+03
-1.44e+03
-1.42e+03
-1.37e+03
-1.32e+03
-1.24e+03
-1.15e+03
-1.05e+03
-961
-856
-709
-545
-373
-192
-9
175
352
523
676
812
920
1e+03
1.06e+03
1.08e+03
1.1e+03
1.08e+03
992
872
720
543
348
136
-81
-293
-500
-688
-853
-988
-1.09e+03
-1.15e+03
-1.2e+03
-1.2e+03
-1.13e+03
-1.02e+03
-865
-680
-468
-237
0
240
468
679
864
1.02e+03
1.13e+03
1.2e+03
1.2e+03
1.15e+03
1.09e+03
987
855
688
500
295
80
-137
-348
-544
-720
-869
-992
-1.08e+03
-1.16e+03
-1.13e+03
-1.1e+03
-1.03e+03
-932
-800
-641
-465
-273
-72
131
328
516
695
848
983
1.06e+03
1.12e+03
1.18e+03
1.23e+03
1.25e+03
1.26e+03
1.24e+03
1.21e+03
1.18e+03
1.13e+03
1.08e+03
1.02e+03
968
919
875
835
828
828
807
787
768
759
748
743
743
743
748
756
768
787
807
831
888
884
916
948
983
1.02e+03
1.04e+03
1.07e+03
1.1e+03
1.11e+03
1.12e+03
1.12e+03
1.11e+03
1.08e+03
1.04e+03
995
963
912
820
711
587
451
304
155
0
-156
-305
-452
-585
-709
-820
-912
-1.02e+03
-1.05e+03
-1.09e+03
-1.11e+03
-1.12e+03
-1.11e+03
-1.09e+03
-1.05e+03
-1.01e+03
-969
-921
-877
-837
-804
-777
-760
-788
-761
-777
-804
-837
-877
-924
-969
-1.01e+03
-1.06e+03
-1.09e+03
-1.11e+03
-1.12e+03
-1.11e+03
-1.09e+03
-1.05e+03
-964
-860
-776
-680
-573
-460
-337
-212
-80
52
184
312
440
564
680
791
920
979
1.06e+03
1.13e+03
1.18e+03
1.23e+03
1.26e+03
1.28e+03
1.29e+03
1.28e+03
1.26e+03
1.23e+03
1.18e+03
1.13e+03
1.06e+03
980
920
791
680
564
440
316
184
52
-80
-209
-337
-457
-573
-680
-776
-861
-964
-1.05e+03
-1.09e+03
-1.11e+03
-1.12e+03
-1.11e+03
-1.09e+03
-1.05e+03
-1.02e+03
-969
-924
-880
-840
-805
-777
-760
-788
-760
-777
-805
-840
-880
-924
-969
-1.02e+03
-1.05e+03
-1.09e+03
-1.11e+03
-1.12e+03
-1.11e+03
-1.09e+03
-1.05e+03
-1.02e+03
-913
-820
-709
-588
-452
-305
-153
-1
155
304
451
587
708
819
912
963
996
1.05e+03
1.08e+03
1.1e+03
1.12e+03
1.12e+03
1.11e+03
1.1e+03
1.07e+03
1.04e+03
1.02e+03
980
951
916
887
828
776
764
759
759
767
780
800
823
844
868
892
912
931
947
955
928
903
900
903
903
903
903
903
903
903
903
903
903
903
903
900
871
903
903
904
903
903
903
903
900
900
903
900
903
904
903
903
871
903
903
904
903
900
903
900
900
903
903
903
903
904
903
903
928
956
944
931
912
895
868
844
820
799
780
767
759
756
763
776
831
887
916
948
980
1.02e+03
1.04e+03
1.07e+03
1.1e+03
1.11e+03
1.12e+03
1.12e+03
1.1e+03
1.08e+03
1.04e+03
995
960
915
819
711
587
451
307
155
0
-153
-304
-448
-585
-708
-820
-913
-1.02e+03
-1.05e+03
-1.09e+03
-1.11e+03
-1.12e+03
-1.11e+03
-1.09e+03
-1.05e+03
-1.01e+03
-969
-924
-877
-837
-804
-776
-761
-788
-761
-776
-801
-837
-877
-924
-969
-1.01e+03
-1.05e+03
-1.09e+03
-1.11e+03
-1.12e+03
-1.11e+03
-1.09e+03
-1.05e+03
-964
-860
-777
-680
-573
-457
-337
-209
-80
52
184
315
443
563
680
788
920
980
1.06e+03
1.13e+03
1.18e+03
1.23e+03
1.26e+03
1.28e+03
1.29e+03
1.28e+03
1.26e+03
1.23e+03
1.18e+03
1.13e+03
1.06e+03
980
920
791
680
563
440
315
184
52
-80
-212
-337
-460
-573
-681
-776
-860
-904
-996
-1.05e+03
-1.08e+03
-1.11e+03
-1.12e+03
-1.12e+03
-1.11e+03
-1.09e+03
-1.07e+03
-1.04e+03
-1.01e+03
-980
-949
-916
-885
-828
-776
-764
-757
-757
-768
-781
-800
-821
-845
-868
-892
-913
-932
-945
-953
-929
-900
-904
-904
-904
-904
-901
-901
-901
-901
-901
-901
-901
-901
-904
-901
-869
-901
-904
-904
-901
-901
-901
-904
-900
-904
-901
-901
-901
-904
-904
-901
-929
-953
-945
-932
-913
-893
-869
-845
-821
-800
-781
-768
-760
-756
-764
-776
-768
-832
-873
-920
-972
-1.02e+03
-1.08e+03
-1.13e+03
-1.17e+03
-1.21e+03
-1.24e+03
-1.25e+03
-1.25e+03
-1.23e+03
-1.18e+03
-1.12e+03
-1.06e+03
-984
-849
-692
-517
-328
-129
72
275
467
643
800
931
1.04e+03
1.1e+03
1.13e+03
1.1e+03
1.02e+03
948
840
708
552
379
192
-1
-193
-380
-553
-709
-841
-948
-1.02e+03
-1.04e+03
-1.08e+03
-1.06e+03
-1.01e+03
-921
-809
-676
-521
-352
-176
11
192
375
548
708
860
964
1.05e+03
1.16e+03
1.24e+03
1.32e+03
1.38e+03
1.42e+03
1.44e+03
1.45e+03
1.44e+03
1.42e+03
1.37e+03
1.32e+03
1.24e+03
1.16e+03
1.05e+03
963
859
708
547
375
192
8
-173
-352
-521
-677
-809
-921
-1e+03
-1.06e+03
-1.08e+03
-1.1e+03
-1.08e+03
-992
-872
-721
-544
-348
-136
80
296
499
688
852
988
1.09e+03
1.15e+03
1.2e+03
1.2e+03
1.13e+03
1.02e+03
864
679
468
239
0
-237
-468
-680
-861
-1.02e+03
-1.13e+03
-1.2e+03
-1.2e+03
-1.15e+03
-1.09e+03
-988
-853
-685
-500
-293
-80
136
347
544
720
872
991
1.08e+03
1.16e+03
1.13e+03
1.1e+03
1.04e+03
931
800
643
467
275
72
-129
-329
-516
-692
-848
-981
-1.12e+03
-1.17e+03
-1.23e+03
-1.25e+03
-1.26e+03
-1.24e+03
-1.21e+03
-1.16e+03
-1.1e+03
-1.03e+03
-956
-888
-825
-773
-733
-708
-669
-708
-736
-773
-825
-888
-956
-1.03e+03
-1.09e+03
-1.16e+03
-1.21e+03
-1.24e+03
-1.26e+03
-1.26e+03
-1.23e+03
-1.17e+03
-1.12e+03
-984
-849
-692
-516
-329
-129
72
272
464
643
800
931
1.04e+03
1.1e+03
1.13e+03
1.1e+03
1.02e+03
947
840
708
552
379
192
0
-193
-377
-553
-709
-841
-949
-1.02e+03
-1.04e+03
-1.08e+03
-1.06e+03
-1e+03
-920
-809
-673
-521
-353
-176
8
192
375
547
708
860
963
1.05e+03
1.16e+03
1.24e+03
1.32e+03
1.38e+03
1.42e+03
1.44e+03
1.45e+03
1.44e+03
1.42e+03
1.38e+03
1.32e+03
1.24e+03
1.16e+03
1.05e+03
960
859
711
547
372
192
8
-173
-353
-521
-677
-812
-921
-1.01e+03
-1.06e+03
-1.08e+03
-1.04e+03
-1.02e+03
-948
-841
-709
-552
-377
-193
0
192
380
555
711
843
947
1.02e+03
1.04e+03
1.08e+03
1.06e+03
1.01e+03
923
811
675
523
352
176
-9
-193
-376
-548
-708
-857
-960
-1.05e+03
-1.15e+03
-1.24e+03
-1.32e+03
-1.37e+03
-1.41e+03
-1.44e+03
-1.45e+03
-1.44e+03
-1.41e+03
-1.37e+03
-1.32e+03
-1.24e+03
-1.15e+03
-1.05e+03
-904
-805
-665
-520
-364
-204
-40
119
275
420
555
675
776
860
919
956
936
952
920
860
776
675
555
419
275
119
-40
-201
-364
-520
-665
-805
-904
-1.05e+03
-1.16e+03
-1.25e+03
-1.32e+03
-1.37e+03
-1.42e+03
-1.44e+03
-1.45e+03
-1.44e+03
-1.42e+03
-1.37e+03
-1.32e+03
-1.24e+03
-1.16e+03
-1.05e+03
-961
-857
-708
-548
-373
-192
-9
175
352
520
676
811
920
1e+03
1.06e+03
1.08e+03
1.04e+03
1.02e+03
948
844
708
555
379
192
0
-192
-377
-552
-708
-841
-949
-1.02e+03
-1.1e+03
-1.13e+03
-1.1e+03
-1.03e+03
-932
-801
-644
-464
-272
-73
131
328
516
692
848
983
1.06e+03
1.12e+03
1.18e+03
1.23e+03
1.25e+03
1.25e+03
1.24e+03
1.21e+03
1.18e+03
1.13e+03
1.08e+03
1.02e+03
971
919
872
832
828
831
807
787
768
759
747
743
743
744
748
756
768
784
807
831
887
884
916
948
980
1.02e+03
1.04e+03
1.07e+03
1.1e+03
1.11e+03
1.12e+03
1.12e+03
1.1e+03
1.08e+03
1.04e+03
995
963
915
820
708
584
451
307
155
0
-153
-305
-452
-585
-709
-820
-913
-961
-996
-1.05e+03
-1.08e+03
-1.11e+03
-1.12e+03
-1.12e+03
-1.11e+03
-1.1e+03
-1.07e+03
-1.05e+03
-1.01e+03
-980
-949
-917
-884
-888
-829
-805
-785
-768
-757
-748
-741
-741
-744
-748
-756
-769
-785
-805
-829
-829
-833
-873
-920
-969
-1.03e+03
-1.08e+03
-1.13e+03
-1.18e+03
-1.21e+03
-1.24e+03
-1.25e+03
-1.25e+03
-1.23e+03
-1.18e+03
-1.12e+03
-1e+03
-929
-804
-664
-505
-337
-164
16
192
363
523
667
788
888
960
1.01e+03
1.05e+03
1.01e+03
960
888
788
667
523
363
192
16
-164
-337
-505
-664
-804
-929
-1.06e+03
-1.17e+03
-1.23e+03
-1.26e+03
-1.26e+03
-1.24e+03
-1.21e+03
-1.16e+03
-1.09e+03
-1.03e+03
-957
-888
-825
-776
-733
-708
-728
-761
-777
-804
-837
-877
-925
-968
-1.02e+03
-1.05e+03
-1.09e+03
-1.11e+03
-1.12e+03
-1.11e+03
-1.09e+03
-1.05e+03
-964
-860
-776
-680
-576
-460
-337
-212
-81
51
184
312
443
564
680
791
863
927
1.02e+03
1.1e+03
1.18e+03
1.24e+03
1.3e+03
1.34e+03
1.37e+03
1.38e+03
1.38e+03
1.36e+03
1.33e+03
1.27e+03
1.2e+03
1.1e+03
1.02e+03
859
711
547
372
192
7
-173
-352
-524
-676
-809
-920
-1e+03
-1.06e+03
-1.08e+03
-1.04e+03
-1.02e+03
-948
-844
-712
-552
-380
-193
0
192
380
552
708
843
948
1.02e+03
1.04e+03
1.08e+03
1.06e+03
1e+03
920
811
676
523
355
175
-8
-192
-373
-548
-709
-857
-961
-1.05e+03
-1.15e+03
-1.24e+03
-1.32e+03
-1.38e+03
-1.42e+03
-1.44e+03
-1.45e+03
-1.44e+03
-1.42e+03
-1.37e+03
-1.32e+03
-1.24e+03
-1.16e+03
-1.05e+03
-964
-857
-709
-545
-372
-192
-8
175
352
523
676
811
923
1e+03
1.06e+03
1.08e+03
1.04e+03
1.02e+03
947
840
708
552
379
192
0
-193
-377
-553
-709
-844
-948
-1.02e+03
-1.1e+03
-1.13e+03
-1.1e+03
-1.03e+03
-932
-797
-644
-465
-273
-73
131
328
516
692
847
983
1.06e+03
1.12e+03
1.18e+03
1.23e+03
1.25e+03
1.25e+03
1.24e+03
1.21e+03
1.18e+03
1.13e+03
1.08e+03
1.02e+03
971
919
875
832
831
832
807
787
771
756
751
743
740
743
751
756
771
787
807
832
828
832
872
920
971
1.02e+03
1.08e+03
1.13e+03
1.18e+03
1.21e+03
1.24e+03
1.25e+03
1.25e+03
1.23e+03
1.18e+03
1.12e+03
1.06e+03
983
848
692
519
328
128
-73
-273
-465
-644
-801
-933
-1.03e+03
-1.1e+03
-1.13e+03
-1.16e+03
-1.08e+03
-992
-872
-721
-545
-345
-137
80
295
500
688
855
988
1.09e+03
1.15e+03
1.2e+03
1.2e+03
1.13e+03
1.02e+03
864
680
467
240
0
-237
-465
-677
-864
-1.02e+03
-1.13e+03
-1.2e+03
-1.26e+03
-1.2e+03
-1.13e+03
-1.02e+03
-864
-677
-465
-237
0
240
467
680
864
1.02e+03
1.13e+03
1.2e+03
1.26e+03
1.2e+03
1.13e+03
1.02e+03
864
680
468
239
0
-237
-468
-680
-865
-1.02e+03
-1.13e+03
-1.2e+03
-1.2e+03
-1.15e+03
-1.09e+03
-988
-853
-689
-500
-296
-80
136
347
544
720
871
991
1.08e+03
1.1e+03
1.08e+03
1.06e+03
1e+03
919
811
676
523
355
175
-9
-192
-373
-548
-709
-857
-961
-1.05e+03
-1.16e+03
-1.25e+03
-1.32e+03
-1.37e+03
-1.42e+03
-1.44e+03
-1.45e+03
-1.44e+03
-1.42e+03
-1.37e+03
-1.32e+03
-1.24e+03
-1.16e+03
-1.05e+03
-961
-857
-708
-548
-373
-192
-9
175
352
520
676
811
920
1e+03
1.06e+03
1.08e+03
1.1e+03
1.08e+03
992
872
723
543
347
135
-80
-293
-501
-688
-852
-988
-1.09e+03
-1.15e+03
-1.14e+03
-1.15e+03
-1.09e+03
-988
-853
-688
-500
-296
-80
139
347
544
720
872
992
1.08e+03
1.16e+03
1.13e+03
1.1e+03
1.04e+03
932
800
643
464
275
75
-129
-329
-517
-692
-848
-981
-1.12e+03
-1.17e+03
-1.23e+03
-1.26e+03
-1.26e+03
-1.24e+03
-1.21e+03
-1.16e+03
-1.09e+03
-1.03e+03
-956
-888
-825
-773
-733
-708
-669
-708
-733
-773
-825
-888
-956
-1.03e+03
-1.09e+03
-1.16e+03
-1.21e+03
-1.24e+03
-1.26e+03
-1.26e+03
-1.23e+03
-1.17e+03
-1.12e+03
-981
-848
-692
-517
-328
-129
75
275
464
644
800
932
1.03e+03
1.1e+03
1.13e+03
1.1e+03
1.02e+03
948
840
711
552
380
192
0
-193
-380
-553
-709
-841
-948
-1.02e+03
-1.04e+03
-1.08e+03
-1.06e+03
-1.01e+03
-921
-812
-676
-524
-352
-173
11
195
375
548
711
859
963
1.05e+03
1.16e+03
1.24e+03
1.32e+03
1.38e+03
1.42e+03
1.44e+03
1.45e+03
1.44e+03
1.42e+03
1.38e+03
1.32e+03
1.24e+03
1.16e+03
1.05e+03
904
804
668
519
363
203
40
-117
-273
-420
-556
-676
-777
-857
-917
-953
-933
-956
-920
-860
-776
-676
-553
-420
-272
-120
43
203
363
519
667
804
964
1.1e+03
1.2e+03
1.28e+03
1.33e+03
1.36e+03
1.38e+03
1.38e+03
1.37e+03
1.34e+03
1.3e+03
1.24e+03
1.17e+03
1.1e+03
1.02e+03
927
804
736
639
535
432
324
216
108
0
-108
-216
-324
-429
-536
-637
-736
-801
-928
-1.02e+03
-1.1e+03
-1.17e+03
-1.24e+03
-1.29e+03
-1.34e+03
-1.37e+03
-1.38e+03
-1.38e+03
-1.36e+03
-1.33e+03
-1.27e+03
-1.2e+03
-1.11e+03
-1.02e+03
-857
-709
-545
-373
-192
-8
175
352
523
676
811
923
1e+03
1.06e+03
1.08e+03
1.04e+03
1.02e+03
948
840
708
552
379
192
0
-193
-381
-553
-709
-841
-949
-1.02e+03
-1.04e+03
-1.08e+03
-1.06e+03
-1.01e+03
-921
-812
-676
-521
-352
-176
8
192
375
547
711
856
1.02e+03
1.1e+03
1.2e+03
1.27e+03
1.33e+03
1.36e+03
1.38e+03
1.38e+03
1.37e+03
1.34e+03
1.29e+03
1.24e+03
1.17e+03
1.1e+03
1.02e+03
928
863
791
680
564
440
312
184
52
-80
-212
-337
-460
-573
-680
-776
-860
-964
-1.05e+03
-1.09e+03
-1.11e+03
-1.12e+03
-1.11e+03
-1.09e+03
-1.06e+03
-1.01e+03
-969
-924
-877
-837
-804
-777
-761
-788
-760
-777
-801
-837
-877
-924
-969
-1.01e+03
-1.05e+03
-1.09e+03
-1.11e+03
-1.12e+03
-1.11e+03
-1.09e+03
-1.05e+03
-1.02e+03
-916
-820
-709
-585
-449
-305
-156
0
155
307
451
587
711
820
915
963
995
1.05e+03
1.08e+03
1.11e+03
1.12e+03
1.12e+03
1.11e+03
1.1e+03
1.07e+03
1.04e+03
1.02e+03
980
948
916
884
888
831
807
787
771
756
751
743
743
743
748
756
771
784
807
828
828
835
875
920
968
1.02e+03
1.08e+03
1.13e+03
1.18e+03
1.21e+03
1.24e+03
1.25e+03
1.25e+03
1.23e+03
1.18e+03
1.12e+03
1.06e+03
983
848
691
516
327
128
-73
-273
-465
-644
-800
-933
-1.03e+03
-1.1e+03
-1.13e+03
-1.15e+03
-1.08e+03
-989
-872
-720
-544
-348
-137
80
296
499
688
852
988
1.09e+03
1.15e+03
1.14e+03
1.15e+03
1.09e+03
987
852
688
500
295
80
-136
-345
-544
-720
-869
-992
-1.08e+03
-1.09e+03
-1.08e+03
-1.06e+03
-1e+03
-920
-809
-676
-521
-352
-176
11
192
372
548
708
859
1.02e+03
1.1e+03
1.2e+03
1.27e+03
1.33e+03
1.36e+03
1.38e+03
1.38e+03
1.37e+03
1.34e+03
1.3e+03
1.24e+03
1.18e+03
1.1e+03
1.02e+03
928
803
736
639
536
431
324
219
108
0
-108
-217
-324
-429
-536
-637
-736
-804
-928
-1.02e+03
-1.1e+03
-1.17e+03
-1.24e+03
-1.3e+03
-1.34e+03
-1.37e+03
-1.39e+03
-1.38e+03
-1.36e+03
-1.33e+03
-1.27e+03
-1.2e+03
-1.1e+03
-964
-805
-668
-517
-361
-201
-41
119
275
419
555
676
776
860
919
955
936
955
920
860
776
675
555
420
275
119
-41
-201
-361
-517
-665
-805
-961
-1.1e+03
-1.2e+03
-1.27e+03
-1.33e+03
-1.37e+03
-1.38e+03
-1.38e+03
-1.37e+03
-1.34e+03
-1.3e+03
-1.24e+03
-1.17e+03
-1.1e+03
-1.02e+03
-925
-801
-737
-637
-533
-429
-324
-217
-109
3
108
216
324
431
536
639
736
803
927
1.02e+03
1.1e+03
1.17e+03
1.24e+03
1.3e+03
1.34e+03
1.37e+03
1.38e+03
1.38e+03
1.36e+03
1.33e+03
1.28e+03
1.2e+03
1.1e+03
1.02e+03
859
708
547
372
195
8
-176
-352
-521
-676
-809
-921
-1e+03
-1.06e+03
-1.08e+03
-1.04e+03
-1.02e+03
-948
-841
-709
-553
-377
-192
0
192
380
552
711
843
947
1.02e+03
1.1e+03
1.13e+03
1.1e+03
1.04e+03
935
799
643
464
275
72
-129
-328
-517
-693
-848
-984
-1.12e+03
-1.17e+03
-1.23e+03
-1.26e+03
-1.26e+03
-1.24e+03
-1.21e+03
-1.16e+03
-1.09e+03
-1.03e+03
-956
-888
-825
-773
-736
-708
-728
-760
-776
-804
-837
-877
-924
-969
-1.01e+03
-1.05e+03
-1.09e+03
-1.11e+03
-1.12e+03
-1.11e+03
-1.09e+03
-1.05e+03
-1.02e+03
-912
-817
-708
-585
-448
-304
-153
0
156
304
451
584
708
820
912
963
996
1.04e+03
1.08e+03
1.11e+03
1.12e+03
1.12e+03
1.11e+03
1.1e+03
1.07e+03
1.04e+03
1.01e+03
983
948
916
887
831
779
764
756
759
767
780
799
823
847
868
892
912
932
947
955
988
955
947
932
915
892
868
844
823
799
780
767
759
756
763
779
772
832
875
920
971
1.02e+03
1.08e+03
1.13e+03
1.18e+03
1.21e+03
1.24e+03
1.25e+03
1.25e+03
1.23e+03
1.18e+03
1.12e+03
1.06e+03
983
848
692
519
328
131
-73
-273
-465
-644
-800
-932
-1.03e+03
-1.1e+03
-1.13e+03
-1.16e+03
-1.08e+03
-992
-869
-720
-544
-348
-136
83
296
499
688
852
988
1.09e+03
1.15e+03
1.2e+03
1.2e+03
1.13e+03
1.02e+03
864
679
468
239
0
-237
-468
-677
-864
-1.02e+03
-1.13e+03
-1.2e+03
-1.2e+03
-1.15e+03
-1.09e+03
-985
-853
-688
-500
-293
-80
136
347
543
720
872
991
1.08e+03
1.16e+03
1.13e+03
1.1e+03
1.03e+03
932
800
644
467
272
72
-129
-328
-520
-693
-849
-981
-1.06e+03
-1.12e+03
-1.18e+03
-1.23e+03
-1.25e+03
-1.25e+03
-1.24e+03
-1.21e+03
-1.18e+03
-1.13e+03
-1.08e+03
-1.02e+03
-969
-920
-872
-832
-769
-777
-764
-756
-757
-768
-780
-800
-821
-845
-869
-893
-913
-932
-948
-956
-988
-956
-945
-929
-913
-892
-868
-844
-821
-800
-781
-765
-757
-757
-764
-776
-828
-884
-916
-949
-981
-1.01e+03
-1.04e+03
-1.07e+03
-1.1e+03
-1.11e+03
-1.12e+03
-1.12e+03
-1.11e+03
-1.08e+03
-1.04e+03
-996
-961
-913
-817
-709
-584
-449
-304
-153
0
155
304
451
587
711
820
912
1.02e+03
1.05e+03
1.09e+03
1.11e+03
1.12e+03
1.11e+03
1.08e+03
1.06e+03
1.02e+03
971
924
879
836
804
776
763
788
763
779
803
836
879
924
968
1.02e+03
1.06e+03
1.09e+03
1.11e+03
1.12e+03
1.11e+03
1.09e+03
1.05e+03
1.02e+03
915
820
708
584
451
304
155
0
-153
-305
-449
-585
-708
-820
-913
-964
-996
-1.05e+03
-1.08e+03
-1.11e+03
-1.12e+03
-1.12e+03
-1.11e+03
-1.09e+03
-1.07e+03
-1.05e+03
-1.01e+03
-981
-948
-916
-885
-888
-832
-804
-785
-769
-756
-748
-741
-740
-741
-748
-757
-769
-785
-805
-832
-888
-885
-916
-948
-980
-1.01e+03
-1.04e+03
-1.07e+03
-1.1e+03
-1.11e+03
-1.12e+03
-1.12e+03
-1.11e+03
-1.08e+03
-1.04e+03
-996
-904
-860
-776
-680
-573
-460
-337
-209
-81
52
183
315
440
564
683
791
923
980
1.06e+03
1.13e+03
1.19e+03
1.23e+03
1.26e+03
1.28e+03
1.29e+03
1.28e+03
1.26e+03
1.23e+03
1.18e+03
1.13e+03
1.06e+03
979
863
736
639
535
428
324
216
108
0
-108
-217
-324
-429
-536
-637
-736
-861
-980
-1.06e+03
-1.13e+03
-1.18e+03
-1.23e+03
-1.26e+03
-1.28e+03
-1.29e+03
-1.28e+03
-1.26e+03
-1.23e+03
-1.18e+03
-1.13e+03
-1.06e+03
-980
-920
-789
-680
-561
-441
-316
-184
-53
80
211
336
460
575
683
775
860
904
996
1.05e+03
1.08e+03
1.1e+03
1.12e+03
1.12e+03
1.11e+03
1.1e+03
1.07e+03
1.04e+03
1.02e+03
980
951
916
887
828
776
764
759
759
767
780
800
823
844
868
892
912
931
947
955
928
903
900
903
903
903
903
903
903
903
903
903
903
903
903
900
931
955
947
931
915
892
871
847
823
800
783
764
756
759
764
776
827
887
916
948
980
1.02e+03
1.04e+03
1.07e+03
1.1e+03
1.11e+03
1.12e+03
1.12e+03
1.1e+03
1.08e+03
1.04e+03
995
903
863
776
680
575
460
336
211
80
-52
-184
-313
-444
-564
-681
-789
-921
-980
-1.06e+03
-1.13e+03
-1.18e+03
-1.23e+03
-1.26e+03
-1.28e+03
-1.29e+03
-1.28e+03
-1.26e+03
-1.23e+03
-1.18e+03
-1.13e+03
-1.06e+03
-980
-920
-789
-680
-564
-441
-313
-184
-52
80
211
336
460
575
680
776
860
903
996
1.05e+03
1.08e+03
1.11e+03
1.12e+03
1.12e+03
1.11e+03
1.1e+03
1.07e+03
1.04e+03
1.02e+03
980
951
916
884
888
831
807
787
768
756
748
743
743
743
748
759
768
787
807
828
888
887
916
948
983
1.01e+03
1.04e+03
1.07e+03
1.1e+03
1.11e+03
1.12e+03
1.12e+03
1.1e+03
1.08e+03
1.04e+03
996
963
915
820
708
584
451
304
152
0
-153
-305
-449
-585
-709
-820
-913
-964
-996
-1.05e+03
-1.08e+03
-1.11e+03
-1.12e+03
-1.12e+03
-1.11e+03
-1.09e+03
-1.07e+03
-1.04e+03
-1.02e+03
-981
-948
-916
-885
-828
-777
-764
-757
-757
-765
-780
-800
-824
-844
-868
-892
-913
-932
-945
-953
-929
-901
-904
-901
-904
-901
-901
-901
-900
-901
-901
-901
-901
-904
-901
-900
-872
-901
-901
-901
-904
-901
-901
-901
-900
-901
-901
-901
-904
-904
-904
-901
-929
-956
-945
-932
-913
-893
-869
-845
-821
-800
-781
-765
-757
-757
-761
-777
-772
-832
-873
-920
-969
-1.02e+03
-1.08e+03
-1.13e+03
-1.17e+03
-1.21e+03
-1.24e+03
-1.25e+03
-1.25e+03
-1.23e+03
-1.18e+03
-1.12e+03
-1e+03
-929
-805
-661
-508
-337
-161
16
195
363
523
664
788
887
963
1.01e+03
995
955
919
859
779
675
555
419
275
119
-41
-201
-364
-517
-668
-805
-904
-1.05e+03
-1.15e+03
-1.24e+03
-1.32e+03
-1.37e+03
-1.42e+03
-1.44e+03
-1.45e+03
-1.44e+03
-1.42e+03
-1.37e+03
-1.32e+03
-1.24e+03
-1.16e+03
-1.05e+03
-904
-804
-668
-520
-361
-204
-41
119
275
420
555
676
776
859
919
955
996
1.01e+03
963
888
787
667
523
363
192
16
-164
-337
-508
-664
-805
-929
-1e+03
-1.12e+03
-1.18e+03
-1.23e+03
-1.25e+03
-1.25e+03
-1.24e+03
-1.21e+03
-1.17e+03
-1.13e+03
-1.08e+03
-1.02e+03
-972
-920
-873
-833
-769
-777
-764
-757
-760
-768
-780
-797
-824
-844
-869
-893
-913
-932
-945
-956
-929
-901
-901
-901
-901
-901
-901
-901
-901
-901
-901
-901
-901
-901
-901
-901
-869
-901
-901
-901
-901
-901
-901
-901
-901
-901
-901
-901
-901
-901
-901
-901
-929
-956
-945
-932
-913
-893
-869
-844
-824
-797
-780
-768
-760
-757
-764
-777
-769
-833
-873
-920
-972
-1.02e+03
-1.08e+03
-1.13e+03
-1.17e+03
-1.21e+03
-1.24e+03
-1.25e+03
-1.25e+03
-1.23e+03
-1.18e+03
-1.12e+03
-1.06e+03
-984
-848
-693
-517
-328
-129
72
275
467
644
799
932
1.04e+03
1.1e+03
1.13e+03
1.1e+03
1.02e+03
947
843
708
555
379
195
0
-193
-380
-553
-708
-844
-949
-1.02e+03
-1.04e+03
-1.08e+03
-1.06e+03
-1e+03
-921
-809
-676
-521
-353
-176
11
192
372
548
708
859
963
1.05e+03
1.16e+03
1.24e+03
1.32e+03
1.37e+03
1.42e+03
1.44e+03
1.45e+03
1.44e+03
1.42e+03
1.38e+03
1.32e+03
1.24e+03
1.16e+03
1.05e+03
960
859
711
548
375
195
11
-173
-352
-524
-676
-812
-921
-1.01e+03
-1.06e+03
-1.08e+03
-1.04e+03
-1.02e+03
-948
-841
-709
-553
-380
-193
0
192
380
552
711
840
948
1.02e+03
1.1e+03
1.13e+03
1.1e+03
1.03e+03
932
800
644
464
275
75
-129
-328
-517
-692
-848
-981
-1.06e+03
-1.12e+03
-1.19e+03
-1.23e+03
-1.25e+03
-1.25e+03
-1.24e+03
-1.21e+03
-1.18e+03
-1.13e+03
-1.08e+03
-1.02e+03
-969
-920
-873
-833
-769
-777
-764
-757
-757
-768
-781
-800
-821
-845
-868
-892
-912
-932
-945
-953
-929
-901
-904
-904
-901
-904
-900
-901
-900
-900
-901
-901
-901
-904
-901
-901
-872
-901
-901
-904
-904
-900
-901
-901
-901
-900
-901
-901
-901
-901
-901
-901
-872
-901
-904
-904
-901
-901
-901
-901
-901
-900
-901
-901
-904
-904
-904
-901
-929
-956
-945
-932
-913
-893
-868
-844
-821
-800
-780
-765
-757
-757
-764
-777
-769
-832
-873
-920
-969
-1.02e+03
-1.08e+03
-1.13e+03
-1.18e+03
-1.21e+03
-1.24e+03
-1.25e+03
-1.25e+03
-1.23e+03
-1.19e+03
-1.12e+03
-1.06e+03
-981
-849
-692
-517
-329
-129
72
275
463
643
799
931
1.03e+03
1.1e+03
1.13e+03
1.1e+03
1.02e+03
947
843
711
555
379
195
0
-192
-380
-552
-709
-841
-948
-1.02e+03
-1.1e+03
-1.13e+03
-1.1e+03
-1.03e+03
-932
-800
-644
-465
-272
-72
131
328
516
692
848
984
1.06e+03
1.12e+03
1.18e+03
1.23e+03
1.25e+03
1.25e+03
1.24e+03
1.21e+03
1.18e+03
1.13e+03
1.08e+03
1.02e+03
971
919
872
832
828
831
804
787
771
756
748
744
743
743
748
756
771
784
807
831
888
887
919
948
983
1.02e+03
1.04e+03
1.07e+03
1.1e+03
1.11e+03
1.12e+03
1.12e+03
1.1e+03
1.08e+03
1.04e+03
996
963
915
819
708
584
451
304
155
0
-153
-305
-449
-585
-709
-820
-916
-1.02e+03
-1.05e+03
-1.09e+03
-1.11e+03
-1.12e+03
-1.11e+03
-1.09e+03
-1.06e+03
-1.01e+03
-969
-924
-877
-837
-801
-776
-761
-788
-760
-777
-804
-837
-877
-921
-969
-1.01e+03
-1.05e+03
-1.09e+03
-1.11e+03
-1.12e+03
-1.11e+03
-1.09e+03
-1.05e+03
-961
-861
-776
-680
-573
-460
-337
-212
-80
55
184
315
440
564
680
788
920
980
1.06e+03
1.13e+03
1.18e+03
1.23e+03
1.26e+03
1.28e+03
1.29e+03
1.28e+03
1.26e+03
1.23e+03
1.18e+03
1.13e+03
1.06e+03
980
920
788
680
564
443
315
184
52
-80
-212
-337
-460
-576
-680
-776
-860
-904
-997
-1.05e+03
-1.08e+03
-1.11e+03
-1.12e+03
-1.12e+03
-1.11e+03
-1.09e+03
-1.07e+03
-1.04e+03
-1.01e+03
-981
-948
-917
-885
-889
-829
-805
-785
-769
-757
-748
-741
-741
-741
-748
-757
-768
-788
-808
-832
-885
-888
-916
-948
-981
-1.01e+03
-1.05e+03
-1.07e+03
-1.09e+03
-1.11e+03
-1.12e+03
-1.12e+03
-1.11e+03
-1.08e+03
-1.05e+03
-996
-904
-860
-776
-680
-576
-460
-337
-212
-81
51
184
312
443
564
680
791
920
980
1.06e+03
1.13e+03
1.18e+03
1.23e+03
1.26e+03
1.28e+03
1.29e+03
1.28e+03
1.26e+03
1.23e+03
1.18e+03
1.13e+03
1.06e+03
980
860
736
639
535
432
324
216
108
0
-108
-216
-324
-429
-536
-637
-736
-861
-980
-1.06e+03
-1.13e+03
-1.19e+03
-1.23e+03
-1.26e+03
-1.28e+03
-1.29e+03
-1.28e+03
-1.26e+03
-1.23e+03
-1.18e+03
-1.13e+03
-1.06e+03
-980
-861
-737
-636
-536
-429
-324
-216
-109
0
108
216
324
431
535
639
736
863
980
1.06e+03
1.13e+03
1.18e+03
1.23e+03
1.26e+03
1.28e+03
1.29e+03
1.28e+03
1.26e+03
1.23e+03
1.18e+03
1.13e+03
1.06e+03
979
860
735
636
536
431
323
219
107
0
-108
-216
-324
-429
-533
-637
-737
-861
-980
-1.06e+03
-1.13e+03
-1.18e+03
-1.23e+03
-1.26e+03
-1.28e+03
-1.29e+03
-1.28e+03
-1.26e+03
-1.23e+03
-1.18e+03
-1.13e+03
-1.06e+03
-980
-920
-792
-680
-564
-441
-313
-184
-52
80
211
336
459
575
680
776
860
963
1.05e+03
1.09e+03
1.11e+03
1.12e+03
1.11e+03
1.09e+03
1.06e+03
1.02e+03
968
923
880
839
803
779
763
728
708
735
775
828
888
956
1.03e+03
1.1e+03
1.16e+03
1.21e+03
1.24e+03
1.26e+03
1.26e+03
1.23e+03
1.17e+03
1.12e+03
983
848
692
519
331
131
-72
-273
-464
-644
-800
-932
-1.03e+03
-1.1e+03
-1.13e+03
-1.1e+03
-1.02e+03
-948
-844
-709
-553
-380
-193
0
192
379
552
708
843
948
1.02e+03
1.04e+03
1.08e+03
1.06e+03
1e+03
920
808
675
523
355
176
-9
-193
-373
-548
-708
-860
-961
-1.05e+03
-1.16e+03
-1.24e+03
-1.32e+03
-1.37e+03
-1.42e+03
-1.44e+03
-1.45e+03
-1.44e+03
-1.41e+03
-1.37e+03
-1.32e+03
-1.24e+03
-1.16e+03
-1.05e+03
-961
-857
-709
-548
-373
-193
-9
175
355
523
676
811
923
1e+03
1.06e+03
1.08e+03
1.1e+03
1.08e+03
991
871
723
544
347
136
-80
-293
-501
-689
-852
-988
-1.09e+03
-1.15e+03
-1.2e+03
-1.2e+03
-1.13e+03
-1.02e+03
-864
-677
-468
-237
0
239
468
680
864
1.02e+03
1.13e+03
1.2e+03
1.26e+03
1.2e+03
1.13e+03
1.02e+03
863
680
468
240
0
-237
-468
-680
-864
-1.02e+03
-1.13e+03
-1.2e+03
-1.26e+03
-1.2e+03
-1.13e+03
-1.02e+03
-864
-677
-468
-237
3
239
467
680
864
1.02e+03
1.13e+03
1.2e+03
1.26e+03
1.2e+03
1.13e+03
1.02e+03
863
679
468
239
0
-237
-468
-680
-864
-1.02e+03
-1.13e+03
-1.2e+03
-1.2e+03
-1.15e+03
-1.09e+03
-989
-852
-688
-497
-296
-80
136
347
543
720
872
991
1.08e+03
1.16e+03
1.13e+03
1.1e+03
1.03e+03
931
800
643
464
275
75
-128
-328
-516
-692
-848
-981
-1.06e+03
-1.12e+03
-1.18e+03
-1.23e+03
-1.25e+03
-1.25e+03
-1.24e+03
-1.21e+03
-1.17e+03
-1.13e+03
-1.08e+03
-1.02e+03
-969
-917
-873
-832
-828
-829
-805
-785
-768
-760
-748
-744
-741
-744
-748
-760
-768
-785
-805
-829
-828
-833
-873
-920
-969
-1.02e+03
-1.08e+03
-1.13e+03
-1.17e+03
-1.21e+03
-1.24e+03
-1.25e+03
-1.25e+03
-1.23e+03
-1.18e+03
-1.12e+03
