948
907
847
768
675
567
444
315
176
32
-113
-260
-401
-541
-673
-797
-941
-1.04e+03
-1.13e+03
-1.2e+03
-1.25e+03
-1.29e+03
-1.32e+03
-1.33e+03
-1.33e+03
-1.31e+03
-1.28e+03
-1.23e+03
-1.18e+03
-1.11e+03
-1.03e+03
-949
-828
-732
-633
-532
-428
-321
-212
-105
3
112
219
328
435
539
640
739
804
928
1.02e+03
1.1e+03
1.18e+03
1.24e+03
1.3e+03
1.34e+03
1.37e+03
1.38e+03
1.38e+03
1.36e+03
1.33e+03
1.27e+03
1.2e+03
1.1e+03
960
804
664
519
360
200
40
-117
-272
-420
-553
-673
-776
-856
-916
-952
-932
-952
-916
-856
-773
-672
-552
-417
-269
-116
44
204
364
523
668
808
907
1.05e+03
1.16e+03
1.24e+03
1.32e+03
1.38e+03
1.42e+03
1.44e+03
1.45e+03
1.44e+03
1.42e+03
1.38e+03
1.32e+03
1.24e+03
1.16e+03
1.05e+03
963
860
712
551
376
196
12
-172
-349
-517
-672
-808
-917
-1e+03
-1.06e+03
-1.08e+03
-1.09e+03
-1.07e+03
-988
-868
-717
-541
-344
-133
83
296
500
688
852
987
1.09e+03
1.15e+03
1.14e+03
1.15e+03
1.09e+03
987
852
688
500
295
83
-133
-344
-541
-720
-868
-988
-1.07e+03
-1.15e+03
-1.13e+03
-1.1e+03
-1.03e+03
-928
-797
-640
-461
-269
-69
135
332
520
695
852
984
1.12e+03
1.17e+03
1.23e+03
1.26e+03
1.26e+03
1.24e+03
1.21e+03
1.16e+03
1.1e+03
1.03e+03
956
891
824
775
735
708
728
760
776
803
836
879
923
971
1.02e+03
1.06e+03
1.08e+03
1.11e+03
1.12e+03
1.11e+03
1.09e+03
1.05e+03
960
860
775
680
576
460
339
212
83
-49
-184
-313
-440
-561
-677
-785
-917
-977
-1.06e+03
-1.12e+03
-1.18e+03
-1.23e+03
-1.26e+03
-1.28e+03
-1.28e+03
-1.28e+03
-1.26e+03
-1.23e+03
-1.18e+03
-1.12e+03
-1.06e+03
-977
-917
-785
-677
-561
-437
-312
-181
-48
84
215
340
463
579
684
779
864
907
999
1.05e+03
1.08e+03
1.11e+03
1.12e+03
1.12e+03
1.11e+03
1.1e+03
1.08e+03
1.05e+03
1.02e+03
983
951
919
887
831
780
767
760
763
771
784
803
824
848
872
895
916
935
948
959
992
959
947
932
915
892
871
847
823
800
783
768
760
756
763
776
828
884
915
948
980
1.02e+03
1.04e+03
1.07e+03
1.1e+03
1.11e+03
1.12e+03
1.12e+03
1.1e+03
1.08e+03
1.04e+03
995
960
915
819
708
584
452
307
156
0
-153
-304
-449
-584
-705
-816
-912
-1.02e+03
-1.05e+03
-1.09e+03
-1.11e+03
-1.11e+03
-1.1e+03
-1.08e+03
-1.05e+03
-1.01e+03
-968
-920
-876
-833
-800
-773
-757
-784
-757
-773
-800
-836
-877
-921
-969
-1.01e+03
-1.05e+03
-1.08e+03
-1.11e+03
-1.11e+03
-1.11e+03
-1.09e+03
-1.05e+03
-961
-861
-776
-681
-576
-460
-337
-212
-80
52
187
316
443
567
683
792
864
931
1.02e+03
1.1e+03
1.18e+03
1.24e+03
1.3e+03
1.34e+03
1.37e+03
1.39e+03
1.38e+03
1.37e+03
1.33e+03
1.28e+03
1.2e+03
1.11e+03
964
808
667
520
363
203
43
-117
-272
-421
-556
-676
-777
-860
-920
-956
-996
-1.01e+03
-961
-889
-789
-665
-521
-364
-192
-13
163
340
507
664
808
932
1.07e+03
1.18e+03
1.23e+03
1.26e+03
1.26e+03
1.25e+03
1.21e+03
1.16e+03
1.1e+03
1.03e+03
959
892
828
779
739
712
732
764
780
804
839
880
924
975
1.02e+03
1.06e+03
1.09e+03
1.11e+03
1.12e+03
1.11e+03
1.09e+03
1.05e+03
1.02e+03
916
823
712
588
455
308
159
3
-152
-301
-448
-581
-705
-816
-912
-957
-992
-1.04e+03
-1.08e+03
-1.1e+03
-1.12e+03
-1.12e+03
-1.11e+03
-1.09e+03
-1.07e+03
-1.04e+03
-1.01e+03
-981
-949
-916
-885
-889
-832
-805
-785
-769
-756
-748
-741
-740
-741
-748
-756
-768
-781
-801
-828
-825
-829
-869
-916
-968
-1.02e+03
-1.07e+03
-1.13e+03
-1.17e+03
-1.21e+03
-1.24e+03
-1.25e+03
-1.25e+03
-1.22e+03
-1.18e+03
-1.12e+03
-1e+03
-925
-801
-660
-501
-336
-157
19
196
367
524
668
792
892
964
1.01e+03
1.06e+03
1.01e+03
964
891
791
667
523
364
195
16
-161
-340
-505
-664
-805
-929
-1.06e+03
-1.17e+03
-1.23e+03
-1.26e+03
-1.26e+03
-1.24e+03
-1.21e+03
-1.15e+03
-1.09e+03
-1.02e+03
-952
-885
-821
-772
-732
-705
-665
-705
-732
-772
-821
-885
-953
-1.02e+03
-1.09e+03
-1.15e+03
-1.21e+03
-1.24e+03
-1.26e+03
-1.26e+03
-1.23e+03
-1.17e+03
-1.12e+03
-981
-849
-692
-517
-329
-132
75
275
467
644
803
935
1.04e+03
1.1e+03
1.14e+03
1.1e+03
1.03e+03
952
844
712
556
383
195
0
-192
-377
-552
-709
-841
-949
-1.02e+03
-1.1e+03
-1.13e+03
-1.1e+03
-1.03e+03
-932
-801
-644
-465
-272
-72
132
331
519
692
852
984
1.07e+03
1.12e+03
1.19e+03
1.23e+03
1.25e+03
1.26e+03
1.24e+03
1.22e+03
1.18e+03
1.13e+03
1.08e+03
1.02e+03
975
920
875
835
831
835
807
787
772
760
752
747
744
747
752
760
772
788
808
835
892
888
919
951
983
1.02e+03
1.05e+03
1.07e+03
1.1e+03
1.11e+03
1.12e+03
1.12e+03
1.1e+03
1.08e+03
1.04e+03
995
903
860
775
680
575
459
336
212
83
-49
-184
-313
-440
-561
-677
-785
-917
-977
-1.06e+03
-1.12e+03
-1.18e+03
-1.23e+03
-1.26e+03
-1.28e+03
-1.28e+03
-1.28e+03
-1.26e+03
-1.23e+03
-1.18e+03
-1.12e+03
-1.06e+03
-977
-857
-732
-633
-532
-428
-321
-212
-105
3
112
219
328
435
539
640
739
804
928
1.02e+03
1.1e+03
1.18e+03
1.24e+03
1.3e+03
1.34e+03
1.37e+03
1.39e+03
1.38e+03
1.37e+03
1.33e+03
1.28e+03
1.2e+03
1.11e+03
964
808
668
523
364
203
43
-117
-272
-421
-556
-676
-777
-860
-920
-956
-936
-956
-920
-860
-776
-673
-553
-420
-272
-117
44
204
364
523
668
808
964
1.11e+03
1.2e+03
1.28e+03
1.33e+03
1.37e+03
1.38e+03
1.38e+03
1.37e+03
1.34e+03
1.3e+03
1.24e+03
1.17e+03
1.1e+03
1.02e+03
927
860
788
680
564
440
315
184
51
-80
-209
-336
-457
-572
-677
-772
-857
-900
-992
-1.04e+03
-1.08e+03
-1.1e+03
-1.11e+03
-1.12e+03
-1.11e+03
-1.09e+03
-1.07e+03
-1.04e+03
-1.01e+03
-977
-945
-912
-881
-825
-773
-760
-753
-756
-764
-777
-796
-817
-841
-865
-888
-909
-928
-941
-952
-985
-952
-941
-928
-909
-888
-865
-841
-817
-796
-777
-764
-756
-753
-760
-773
-768
-829
-869
-916
-968
-1.02e+03
-1.08e+03
-1.13e+03
-1.17e+03
-1.21e+03
-1.24e+03
-1.25e+03
-1.25e+03
-1.23e+03
-1.19e+03
-1.12e+03
-1.01e+03
-929
-805
-664
-505
-340
-161
16
195
364
523
667
791
891
964
1.01e+03
1.06e+03
1.01e+03
964
892
792
668
524
367
195
16
-160
-337
-504
-661
-804
-929
-1.01e+03
-1.12e+03
-1.19e+03
-1.23e+03
-1.25e+03
-1.25e+03
-1.24e+03
-1.21e+03
-1.18e+03
-1.13e+03
-1.08e+03
-1.02e+03
-972
-920
-873
-833
-772
-777
-761
-756
-757
-765
-780
-797
-820
-844
-865
-888
-909
-928
-941
-952
-925
-897
-897
-897
-897
-897
-900
-900
-900
-900
-900
-900
-900
-900
-901
-901
-872
-901
-901
-901
-901
-901
-901
-901
-901
-901
-901
-901
-901
-901
-901
-901
-872
-900
-900
-901
-901
-901
-900
-901
-901
-901
-901
-901
-901
-901
-901
-901
-929
-956
-945
-932
-913
-892
-869
-845
-821
-800
-781
-768
-760
-757
-764
-777
-829
-885
-916
-949
-981
-1.02e+03
-1.05e+03
-1.07e+03
-1.1e+03
-1.11e+03
-1.12e+03
-1.12e+03
-1.11e+03
-1.08e+03
-1.05e+03
-996
-904
-861
-776
-681
-576
-460
-336
-209
-80
52
187
316
443
567
683
791
924
984
1.06e+03
1.13e+03
1.19e+03
1.23e+03
1.26e+03
1.28e+03
1.29e+03
1.28e+03
1.26e+03
1.23e+03
1.19e+03
1.13e+03
1.06e+03
984
864
736
639
536
432
327
216
111
0
-108
-213
-325
-432
-536
-637
-736
-861
-981
-1.06e+03
-1.13e+03
-1.19e+03
-1.23e+03
-1.26e+03
-1.28e+03
-1.29e+03
-1.28e+03
-1.26e+03
-1.23e+03
-1.19e+03
-1.13e+03
-1.06e+03
-981
-921
-788
-680
-564
-440
-313
-184
-49
83
212
339
460
576
683
776
863
907
999
1.05e+03
1.08e+03
1.11e+03
1.12e+03
1.12e+03
1.12e+03
1.1e+03
1.08e+03
1.05e+03
1.02e+03
984
952
919
888
892
835
807
787
771
759
751
744
743
744
751
759
768
784
804
831
828
832
872
919
971
1.02e+03
1.08e+03
1.13e+03
1.18e+03
1.21e+03
1.24e+03
1.25e+03
1.25e+03
1.23e+03
1.18e+03
1.12e+03
1e+03
928
804
663
504
340
163
-13
-192
-361
-517
-661
-785
-885
-957
-1.01e+03
-1.05e+03
-1.01e+03
-957
-885
-785
-661
-520
-361
-192
-13
160
339
504
663
804
928
1.06e+03
1.17e+03
1.23e+03
1.26e+03
1.26e+03
1.24e+03
1.21e+03
1.16e+03
1.1e+03
1.03e+03
956
891
828
779
739
712
732
764
780
807
840
880
924
972
1.02e+03
1.06e+03
1.08e+03
1.11e+03
1.12e+03
1.11e+03
1.09e+03
1.05e+03
960
860
775
680
575
459
336
212
83
-49
-184
-312
-437
-561
-677
-785
-917
-977
-1.06e+03
-1.12e+03
-1.18e+03
-1.23e+03
-1.26e+03
-1.28e+03
-1.29e+03
-1.28e+03
-1.26e+03
-1.23e+03
-1.18e+03
-1.13e+03
-1.06e+03
-981
-861
-736
-637
-536
-432
-325
-216
-109
-1
108
215
324
431
535
636
735
800
927
1.02e+03
1.1e+03
1.18e+03
1.24e+03
1.3e+03
1.34e+03
1.37e+03
1.38e+03
1.38e+03
1.37e+03
1.33e+03
1.28e+03
1.2e+03
1.11e+03
964
808
668
523
364
204
43
-117
-272
-420
-553
-673
-776
-857
-917
-956
-996
-1.01e+03
-961
-889
-789
-665
-521
-364
-193
-16
160
339
504
663
804
928
1.06e+03
1.17e+03
1.23e+03
1.26e+03
1.26e+03
1.24e+03
1.21e+03
1.16e+03
1.1e+03
1.03e+03
956
892
828
779
739
712
672
712
739
779
827
891
956
1.03e+03
1.1e+03
1.16e+03
1.21e+03
1.24e+03
1.26e+03
1.26e+03
1.23e+03
1.17e+03
1.06e+03
928
804
663
504
339
160
-16
-192
-361
-520
-664
-788
-888
-957
-1.01e+03
-992
-952
-916
-856
-773
-672
-552
-417
-269
-116
44
204
364
523
668
808
907
1.05e+03
1.16e+03
1.24e+03
1.32e+03
1.38e+03
1.42e+03
1.44e+03
1.45e+03
1.44e+03
1.42e+03
1.38e+03
1.32e+03
1.24e+03
1.16e+03
1.05e+03
903
804
664
519
360
200
40
-120
-273
-421
-556
-676
-777
-860
-917
-953
-933
-953
-917
-860
-777
-676
-556
-421
-273
-120
40
200
360
519
664
804
903
1.05e+03
1.16e+03
1.24e+03
1.32e+03
1.38e+03
1.42e+03
1.44e+03
1.45e+03
1.44e+03
1.42e+03
1.38e+03
1.32e+03
1.24e+03
1.16e+03
1.06e+03
907
808
668
523
364
204
44
-116
-269
-417
-552
-672
-773
-856
-916
-952
-932
-952
-916
-856
-773
-672
-552
-417
-269
-116
44
204
364
523
668
808
964
1.11e+03
1.2e+03
1.27e+03
1.33e+03
1.37e+03
1.38e+03
1.38e+03
1.37e+03
1.34e+03
1.3e+03
1.24e+03
1.17e+03
1.1e+03
1.02e+03
927
860
788
680
564
440
315
184
52
-80
-209
-336
-457
-572
-677
-772
-857
-957
-1.05e+03
-1.09e+03
-1.11e+03
-1.11e+03
-1.1e+03
-1.08e+03
-1.05e+03
-1.01e+03
-968
-920
-876
-833
-800
-773
-757
-784
-757
-773
-800
-833
-876
-920
-968
-1.01e+03
-1.05e+03
-1.08e+03
-1.1e+03
-1.11e+03
-1.11e+03
-1.09e+03
-1.05e+03
-957
-857
-772
-677
-572
-456
-333
-208
-77
55
188
319
444
568
684
791
863
931
1.02e+03
1.1e+03
1.18e+03
1.24e+03
1.3e+03
1.34e+03
1.37e+03
1.39e+03
1.38e+03
1.37e+03
1.33e+03
1.28e+03
1.2e+03
1.11e+03
964
808
668
523
364
203
43
-117
-272
-420
-553
-673
-776
-857
-920
-956
-936
-956
-920
-860
-777
-676
-556
-421
-273
-120
40
200
360
519
664
804
903
1.05e+03
1.16e+03
1.24e+03
1.32e+03
1.38e+03
1.42e+03
1.44e+03
1.45e+03
1.44e+03
1.42e+03
1.38e+03
1.32e+03
1.24e+03
1.16e+03
1.05e+03
960
859
708
547
372
192
8
-176
-353
-521
-676
-812
-921
-1.01e+03
-1.06e+03
-1.08e+03
-1.04e+03
-1.02e+03
-948
-840
-708
-552
-377
-192
0
195
380
555
711
843
952
1.03e+03
1.04e+03
1.08e+03
1.06e+03
1.01e+03
924
815
679
524
356
179
-5
-189
-369
-544
-705
-856
-957
-1.05e+03
-1.15e+03
-1.24e+03
-1.31e+03
-1.37e+03
-1.41e+03
-1.44e+03
-1.44e+03
-1.44e+03
-1.41e+03
-1.37e+03
-1.31e+03
-1.24e+03
-1.15e+03
-1.05e+03
-900
-801
-661
-516
-357
-197
-37
123
276
424
559
679
780
863
923
959
999
1.01e+03
964
891
791
667
523
364
195
16
-160
-340
-505
-664
-805
-929
-1.06e+03
-1.17e+03
-1.23e+03
-1.26e+03
-1.26e+03
-1.24e+03
-1.21e+03
-1.16e+03
-1.1e+03
-1.03e+03
-956
-889
-825
-776
-736
-709
-729
-761
-777
-804
-837
-880
-924
-972
-1.02e+03
-1.06e+03
-1.09e+03
-1.11e+03
-1.12e+03
-1.11e+03
-1.09e+03
-1.05e+03
-961
-861
-776
-681
-576
-457
-336
-209
-80
52
187
316
444
568
684
792
924
984
1.06e+03
1.13e+03
1.19e+03
1.23e+03
1.26e+03
1.28e+03
1.29e+03
1.28e+03
1.26e+03
1.23e+03
1.19e+03
1.13e+03
1.06e+03
983
863
739
640
539
435
328
219
112
3
-105
-212
-321
-428
-532
-633
-732
-857
-977
-1.06e+03
-1.12e+03
-1.18e+03
-1.23e+03
-1.26e+03
-1.28e+03
-1.28e+03
-1.28e+03
-1.26e+03
-1.23e+03
-1.18e+03
-1.12e+03
-1.06e+03
-977
-857
-732
-633
-532
-428
-321
-212
-105
3
112
219
328
435
539
640
739
804
931
1.02e+03
1.1e+03
1.18e+03
1.24e+03
1.3e+03
1.34e+03
1.37e+03
1.39e+03
1.38e+03
1.37e+03
1.33e+03
1.28e+03
1.2e+03
1.11e+03
964
808
668
523
364
203
43
-117
-272
-420
-553
-673
-776
-857
-917
-953
-936
-956
-920
-860
-777
-676
-556
-421
-273
-120
40
200
360
519
664
804
960
1.1e+03
1.2e+03
1.27e+03
1.33e+03
1.37e+03
1.38e+03
1.38e+03
1.37e+03
1.34e+03
1.3e+03
1.24e+03
1.18e+03
1.1e+03
1.02e+03
931
864
792
684
568
444
319
187
55
-80
-209
-336
-457
-573
-680
-773
-861
-961
-1.05e+03
-1.09e+03
-1.11e+03
-1.12e+03
-1.11e+03
-1.09e+03
-1.06e+03
-1.02e+03
-972
-924
-880
-837
-804
-777
-761
-729
-709
-733
-773
-824
-888
-953
-1.02e+03
-1.09e+03
-1.15e+03
-1.2e+03
-1.24e+03
-1.26e+03
-1.25e+03
-1.22e+03
-1.17e+03
-1.06e+03
-925
-801
-660
-501
-336
-160
16
195
364
523
667
788
888
960
1.01e+03
995
955
919
859
776
675
555
420
272
119
-41
-201
-361
-520
-665
-805
-904
-1.05e+03
-1.16e+03
-1.24e+03
-1.32e+03
-1.38e+03
-1.42e+03
-1.44e+03
-1.45e+03
-1.44e+03
-1.42e+03
-1.38e+03
-1.32e+03
-1.24e+03
-1.16e+03
-1.05e+03
-904
-805
-665
-520
-361
-201
-41
119
272
420
555
675
776
859
919
955
995
1.01e+03
960
888
788
664
520
363
192
15
-161
-340
-505
-664
-805
-929
-1.01e+03
-1.12e+03
-1.19e+03
-1.23e+03
-1.25e+03
-1.25e+03
-1.24e+03
-1.21e+03
-1.18e+03
-1.13e+03
-1.08e+03
-1.02e+03
-972
-920
-873
-833
-829
-832
-805
-785
-769
-757
-749
-744
-741
-744
-749
-757
-769
-784
-805
-829
-829
-833
-873
-920
-972
-1.02e+03
-1.08e+03
-1.13e+03
-1.18e+03
-1.21e+03
-1.24e+03
-1.25e+03
-1.25e+03
-1.23e+03
-1.19e+03
-1.12e+03
-1.06e+03
-981
-849
-689
-516
-328
-129
75
275
467
644
803
932
1.04e+03
1.1e+03
1.14e+03
1.1e+03
1.03e+03
952
844
712
556
380
196
0
-192
-377
-552
-708
-840
-948
-1.02e+03
-1.1e+03
-1.13e+03
-1.1e+03
-1.03e+03
-932
-801
-644
-465
-273
-73
131
328
516
691
848
980
1.12e+03
1.17e+03
1.23e+03
1.26e+03
1.26e+03
1.24e+03
1.21e+03
1.16e+03
1.1e+03
1.03e+03
956
891
827
776
736
712
672
712
739
779
828
892
959
1.03e+03
1.1e+03
1.16e+03
1.21e+03
1.25e+03
1.26e+03
1.26e+03
1.23e+03
1.18e+03
1.07e+03
931
807
664
507
340
163
-13
-192
-364
-521
-665
-789
-889
-961
-1.01e+03
-1.06e+03
-1.01e+03
-961
-889
-789
-665
-521
-364
-192
-13
163
340
507
664
808
932
1.07e+03
1.18e+03
1.23e+03
1.26e+03
1.26e+03
1.25e+03
1.21e+03
1.16e+03
1.1e+03
1.03e+03
959
892
828
776
736
711
672
712
739
779
828
892
959
1.03e+03
1.1e+03
1.16e+03
1.21e+03
1.25e+03
1.26e+03
1.26e+03
1.23e+03
1.18e+03
1.12e+03
984
852
695
520
331
132
-72
-272
-464
-641
-800
-929
-1.03e+03
-1.1e+03
-1.13e+03
-1.1e+03
-1.02e+03
-949
-841
-709
-553
-380
-193
-1
192
379
552
708
840
948
1.02e+03
1.04e+03
1.08e+03
1.06e+03
1e+03
920
811
675
520
352
175
-9
-193
-373
-548
-709
-860
-1.02e+03
-1.11e+03
-1.2e+03
-1.27e+03
-1.33e+03
-1.37e+03
-1.38e+03
-1.38e+03
-1.37e+03
-1.34e+03
-1.3e+03
-1.24e+03
-1.17e+03
-1.1e+03
-1.02e+03
-928
-801
-736
-637
-536
-432
-325
-216
-109
-1
108
215
324
431
535
636
735
800
927
1.02e+03
1.1e+03
1.17e+03
1.24e+03
1.3e+03
1.34e+03
1.37e+03
1.38e+03
1.38e+03
1.36e+03
1.33e+03
1.27e+03
1.2e+03
1.1e+03
1.02e+03
859
708
547
372
192
8
-176
-353
-521
-676
-812
-921
-1.01e+03
-1.06e+03
-1.08e+03
-1.04e+03
-1.02e+03
-949
-841
-709
-553
-380
-193
-1
192
379
552
708
840
948
1.02e+03
1.04e+03
1.08e+03
1.06e+03
1e+03
920
811
675
520
352
175
-9
-193
-373
-548
-709
-857
-1.02e+03
-1.11e+03
-1.2e+03
-1.27e+03
-1.33e+03
-1.37e+03
-1.38e+03
-1.38e+03
-1.37e+03
-1.34e+03
-1.3e+03
-1.24e+03
-1.17e+03
-1.1e+03
-1.02e+03
-928
-861
-789
-681
-565
-441
-316
-184
-49
83
215
340
463
579
684
779
864
964
1.05e+03
1.09e+03
1.12e+03
1.12e+03
1.11e+03
1.09e+03
1.06e+03
1.02e+03
972
923
879
836
803
776
760
787
760
776
803
836
879
924
972
1.02e+03
1.06e+03
1.09e+03
1.11e+03
1.12e+03
1.12e+03
1.09e+03
1.05e+03
964
864
779
684
579
463
339
212
83
-49
-184
-316
-441
-565
-681
-789
-921
-981
-1.06e+03
-1.13e+03
-1.19e+03
-1.23e+03
-1.26e+03
-1.28e+03
-1.29e+03
-1.28e+03
-1.26e+03
-1.23e+03
-1.18e+03
-1.12e+03
-1.06e+03
-977
-857
-732
-633
-532
-428
-321
-212
-105
3
112
219
328
435
539
640
739
864
983
1.06e+03
1.13e+03
1.19e+03
1.23e+03
1.26e+03
1.28e+03
1.29e+03
1.28e+03
1.26e+03
1.23e+03
1.19e+03
1.13e+03
1.06e+03
984
924
792
684
568
444
319
188
55
-77
-208
-333
-456
-572
-677
-772
-857
-900
-992
-1.04e+03
-1.08e+03
-1.1e+03
-1.11e+03
-1.12e+03
-1.11e+03
-1.09e+03
-1.07e+03
-1.04e+03
-1.01e+03
-977
-945
-912
-881
-885
-828
-801
-781
-765
-756
-748
-741
-740
-741
-748
-756
-768
-784
-805
-832
-829
-833
-873
-920
-972
-1.02e+03
-1.08e+03
-1.13e+03
-1.18e+03
-1.21e+03
-1.24e+03
-1.25e+03
-1.25e+03
-1.23e+03
-1.19e+03
-1.12e+03
-1.01e+03
-929
-805
-664
-505
-340
-161
15
192
363
520
664
788
888
960
1.01e+03
995
955
919
859
776
675
555
420
272
119
-41
-201
-361
-520
-665
-805
-904
-1.05e+03
-1.16e+03
-1.24e+03
-1.32e+03
-1.37e+03
-1.41e+03
-1.44e+03
-1.45e+03
-1.44e+03
-1.41e+03
-1.37e+03
-1.31e+03
-1.24e+03
-1.15e+03
-1.05e+03
-957
-856
-705
-544
-369
-189
-5
179
355
523
676
812
923
1e+03
1.06e+03
1.08e+03
1.04e+03
1.02e+03
948
840
708
552
379
192
-1
-193
-380
-553
-709
-841
-949
-1.02e+03
-1.1e+03
-1.13e+03
-1.1e+03
-1.03e+03
-929
-800
-641
-464
-272
-72
132
331
520
692
851
984
1.07e+03
1.12e+03
1.19e+03
1.23e+03
1.25e+03
1.26e+03
1.24e+03
1.22e+03
1.18e+03
1.13e+03
1.08e+03
1.03e+03
975
923
876
836
832
832
808
787
772
759
751
744
743
744
751
759
772
787
808
832
831
836
876
923
975
1.03e+03
1.08e+03
1.13e+03
1.18e+03
1.22e+03
1.24e+03
1.26e+03
1.25e+03
1.23e+03
1.19e+03
1.12e+03
1.01e+03
932
808
664
507
340
163
-13
-192
-364
-521
-665
-789
-889
-961
-1.01e+03
-1.06e+03
-1.01e+03
-961
-889
-789
-665
-521
-364
-192
-13
163
340
507
664
807
931
1.01e+03
1.12e+03
1.19e+03
1.23e+03
1.25e+03
1.26e+03
1.24e+03
1.22e+03
1.18e+03
1.13e+03
1.08e+03
1.03e+03
975
923
876
836
832
835
807
787
771
759
751
744
743
743
748
756
768
784
804
831
888
884
915
948
980
1.02e+03
1.04e+03
1.07e+03
1.1e+03
1.11e+03
1.12e+03
1.12e+03
1.11e+03
1.08e+03
1.05e+03
999
907
864
779
684
579
463
340
215
84
-48
-181
-312
-437
-561
-677
-785
-857
-924
-1.01e+03
-1.1e+03
-1.17e+03
-1.24e+03
-1.29e+03
-1.33e+03
-1.36e+03
-1.38e+03
-1.38e+03
-1.36e+03
-1.33e+03
-1.27e+03
-1.2e+03
-1.1e+03
-957
-801
-661
-516
-357
-197
-37
123
276
424
559
679
780
863
923
959
999
1.01e+03
963
891
791
667
523
364
195
16
-160
-337
-504
-661
-804
-928
-1.06e+03
-1.17e+03
-1.23e+03
-1.26e+03
-1.26e+03
-1.24e+03
-1.21e+03
-1.16e+03
-1.1e+03
-1.03e+03
-956
-889
-825
-776
-736
-709
-729
-760
-776
-801
-836
-877
-921
-969
-1.01e+03
-1.05e+03
-1.08e+03
-1.11e+03
-1.11e+03
-1.11e+03
-1.09e+03
-1.05e+03
-957
-857
-772
-677
-572
-456
-333
-208
-77
55
188
319
444
568
684
792
864
928
1.02e+03
1.1e+03
1.18e+03
1.24e+03
1.3e+03
1.34e+03
1.37e+03
1.38e+03
1.38e+03
1.36e+03
1.33e+03
1.27e+03
1.2e+03
1.1e+03
1.02e+03
859
708
547
372
192
8
-176
-353
-521
-676
-812
-921
-1.01e+03
-1.06e+03
-1.08e+03
-1.04e+03
-1.02e+03
-949
-841
-709
-553
-380
-193
-1
192
379
552
708
840
948
1.02e+03
1.04e+03
1.08e+03
1.06e+03
1e+03
920
811
676
523
355
176
-8
-192
-372
-544
-705
-856
-1.02e+03
-1.1e+03
-1.2e+03
-1.27e+03
-1.33e+03
-1.36e+03
-1.38e+03
-1.38e+03
-1.36e+03
-1.33e+03
-1.29e+03
-1.24e+03
-1.17e+03
-1.1e+03
-1.01e+03
-924
-797
-732
-633
-532
-428
-324
-213
-108
0
111
216
327
431
535
636
735
800
927
1.02e+03
1.1e+03
1.17e+03
1.24e+03
1.3e+03
1.34e+03
1.37e+03
1.38e+03
1.38e+03
1.36e+03
1.33e+03
1.27e+03
1.2e+03
1.1e+03
960
804
664
519
363
203
43
-117
-272
-417
-553
-672
-773
-856
-916
-952
-992
-1.01e+03
-957
-885
-785
-661
-520
-361
-192
-13
163
340
504
663
804
928
1.06e+03
1.17e+03
1.23e+03
1.26e+03
1.26e+03
1.24e+03
1.21e+03
1.16e+03
1.1e+03
1.02e+03
955
888
824
775
735
708
668
708
735
775
824
888
955
1.02e+03
1.1e+03
1.16e+03
1.21e+03
1.24e+03
1.26e+03
1.26e+03
1.23e+03
1.17e+03
1.06e+03
928
804
663
504
339
160
-16
-193
-364
-521
-665
-789
-889
-961
-1.01e+03
-996
-956
-920
-860
-777
-676
-556
-421
-273
-120
40
200
360
519
664
804
960
1.1e+03
1.2e+03
1.27e+03
1.33e+03
1.36e+03
1.38e+03
1.38e+03
1.37e+03
1.34e+03
1.3e+03
1.24e+03
1.17e+03
1.1e+03
1.02e+03
927
800
735
636
535
431
327
216
111
0
-108
-212
-321
-428
-532
-633
-732
-857
-977
-1.06e+03
-1.12e+03
-1.18e+03
-1.23e+03
-1.26e+03
-1.28e+03
-1.29e+03
-1.28e+03
-1.26e+03
-1.23e+03
-1.18e+03
-1.13e+03
-1.06e+03
-981
-861
-736
-637
-536
-432
-325
-216
-109
-1
108
215
324
431
535
636
735
800
927
1.02e+03
1.1e+03
1.17e+03
1.24e+03
1.3e+03
1.34e+03
1.37e+03
1.38e+03
1.38e+03
1.36e+03
1.33e+03
1.27e+03
1.2e+03
1.1e+03
1.02e+03
859
708
547
372
192
8
-176
-353
-521
-676
-812
-921
-1e+03
-1.06e+03
-1.08e+03
-1.1e+03
-1.08e+03
-992
-872
-721
-544
-345
-136
80
295
500
688
852
987
1.09e+03
1.15e+03
1.14e+03
1.15e+03
1.09e+03
987
852
688
503
296
83
-133
-344
-541
-717
-868
-988
-1.07e+03
-1.15e+03
-1.13e+03
-1.1e+03
-1.03e+03
-928
-797
-640
-461
-269
-69
135
332
520
695
851
983
1.06e+03
1.12e+03
1.19e+03
1.23e+03
1.25e+03
1.26e+03
1.24e+03
1.22e+03
1.18e+03
1.13e+03
1.08e+03
1.03e+03
975
923
876
836
832
835
808
787
771
759
751
744
743
744
751
756
768
784
804
831
888
884
915
948
980
1.02e+03
1.04e+03
1.07e+03
1.1e+03
1.11e+03
1.12e+03
1.12e+03
1.1e+03
1.08e+03
1.04e+03
995
960
915
819
708
584
451
304
155
-1
-156
-305
-452
-585
-709
-820
-916
-961
-996
-1.05e+03
-1.08e+03
-1.11e+03
-1.12e+03
-1.12e+03
-1.11e+03
-1.1e+03
-1.07e+03
-1.05e+03
-1.02e+03
-981
-949
-916
-885
-829
-777
-764
-757
-760
-768
-781
-800
-821
-845
-868
-892
-913
-932
-945
-953
-929
-901
-901
-901
-901
-901
-901
-901
-901
-901
-901
-901
-901
-901
-901
-901
-929
-956
-945
-929
-912
-889
-868
-844
-820
-797
-780
-765
-757
-753
-760
-773
-825
-881
-912
-945
-977
-1.01e+03
-1.04e+03
-1.07e+03
-1.09e+03
-1.11e+03
-1.12e+03
-1.11e+03
-1.1e+03
-1.08e+03
-1.04e+03
-992
-900
-857
-772
-677
-573
-457
-336
-209
-80
51
184
315
440
564
680
788
920
980
1.06e+03
1.13e+03
1.18e+03
1.23e+03
1.26e+03
1.28e+03
1.29e+03
1.28e+03
1.26e+03
1.23e+03
1.19e+03
1.13e+03
1.06e+03
983
864
739
640
539
435
328
219
112
3
-105
-212
-321
-428
-532
-633
-732
-857
-977
-1.06e+03
-1.12e+03
-1.18e+03
-1.23e+03
-1.26e+03
-1.28e+03
-1.29e+03
-1.28e+03
-1.26e+03
-1.23e+03
-1.18e+03
-1.13e+03
-1.06e+03
-980
-861
-736
-637
-536
-432
-325
-216
-109
-1
108
215
324
431
535
636
735
860
980
1.06e+03
1.13e+03
1.18e+03
1.23e+03
1.26e+03
1.28e+03
1.29e+03
1.28e+03
1.26e+03
1.23e+03
1.19e+03
1.13e+03
1.06e+03
984
924
792
684
568
444
319
187
52
-80
-209
-337
-460
-576
-681
-776
-861
-904
-996
-1.05e+03
-1.08e+03
-1.11e+03
-1.12e+03
-1.12e+03
-1.11e+03
-1.09e+03
-1.07e+03
-1.04e+03
-1.01e+03
-977
-945
-912
-881
-825
-773
-760
-753
-756
-764
-777
-797
-820
-844
-868
-889
-912
-932
-945
-956
-929
-901
-901
-901
-901
-901
-900
-900
-900
-900
-900
-900
-897
-897
-897
-897
-925
-952
-941
-928
-909
-888
-865
-841
-817
-796
-777
-764
-756
-753
-760
-773
-825
-881
-912
-945
-977
-1.01e+03
-1.04e+03
-1.07e+03
-1.09e+03
-1.11e+03
-1.12e+03
-1.11e+03
-1.1e+03
-1.08e+03
-1.04e+03
-992
-900
-857
-772
-677
-572
-457
-336
-209
-80
52
187
316
443
564
680
788
860
927
1.02e+03
1.1e+03
1.17e+03
1.24e+03
1.3e+03
1.34e+03
1.37e+03
1.38e+03
1.38e+03
1.36e+03
1.33e+03
1.27e+03
1.2e+03
1.1e+03
1.02e+03
859
708
547
375
195
11
-173
-352
-520
-673
-809
-920
-1e+03
-1.06e+03
-1.08e+03
-1.09e+03
-1.07e+03
-988
-868
-717
-540
-341
-132
84
299
504
692
856
988
1.09e+03
1.15e+03
1.2e+03
1.2e+03
1.13e+03
1.02e+03
868
683
471
243
3
-236
-464
-676
-861
-1.01e+03
-1.13e+03
-1.2e+03
-1.25e+03
-1.2e+03
-1.13e+03
-1.01e+03
-861
-677
-465
-237
0
240
467
679
864
1.02e+03
1.13e+03
1.2e+03
1.26e+03
1.2e+03
1.13e+03
1.02e+03
864
679
467
239
0
-237
-465
-677
-864
-1.01e+03
-1.13e+03
-1.2e+03
-1.25e+03
-1.2e+03
-1.13e+03
-1.01e+03
-861
-676
-464
-236
3
243
471
683
868
1.02e+03
1.14e+03
1.2e+03
1.2e+03
1.15e+03
1.09e+03
988
855
691
503
296
83
-136
-345
-544
-721
-872
-992
-1.08e+03
-1.16e+03
-1.13e+03
-1.1e+03
-1.03e+03
-932
-800
-641
-464
-272
-72
132
331
519
692
851
984
1.07e+03
1.12e+03
1.19e+03
1.23e+03
1.25e+03
1.26e+03
1.24e+03
1.22e+03
1.18e+03
1.13e+03
1.08e+03
1.03e+03
975
923
876
836
831
832
808
787
772
759
751
744
743
744
751
759
772
787
808
832
891
887
919
952
984
1.02e+03
1.05e+03
1.08e+03
1.1e+03
1.12e+03
1.12e+03
1.12e+03
1.11e+03
1.08e+03
1.05e+03
999
907
864
779
683
576
460
339
212
83
-52
-185
-316
-441
-565
-681
-789
-921
-981
-1.06e+03
-1.13e+03
-1.19e+03
-1.23e+03
-1.26e+03
-1.28e+03
-1.29e+03
-1.28e+03
-1.26e+03
-1.23e+03
-1.18e+03
-1.12e+03
-1.06e+03
-977
-917
-785
-677
-561
-437
-312
-181
-48
84
215
340
463
579
684
779
864
907
996
1.05e+03
1.08e+03
1.11e+03
1.12e+03
1.12e+03
1.11e+03
1.1e+03
1.07e+03
1.04e+03
1.02e+03
980
948
915
884
828
776
763
756
759
767
780
800
823
847
871
892
915
932
947
959
932
904
904
904
904
904
904
904
904
904
904
904
904
904
904
903
932
956
948
932
915
895
871
847
824
803
784
771
763
760
767
780
775
836
876
923
975
1.03e+03
1.08e+03
1.13e+03
1.18e+03
1.22e+03
1.24e+03
1.26e+03
1.25e+03
1.23e+03
1.19e+03
1.12e+03
1.01e+03
932
808
667
508
343
164
-12
-189
-360
-517
-661
-785
-885
-957
-1.01e+03
-1.05e+03
-1.01e+03
-957
-885
-785
-664
-520
-361
-192
-13
160
339
504
663
804
928
1e+03
1.12e+03
1.18e+03
1.23e+03
1.25e+03
1.25e+03
1.24e+03
1.21e+03
1.18e+03
1.13e+03
1.08e+03
1.02e+03
972
920
875
836
832
835
808
788
772
760
752
747
744
747
752
760
772
787
807
835
831
836
875
920
972
1.03e+03
1.08e+03
1.13e+03
1.18e+03
1.22e+03
1.24e+03
1.26e+03
1.25e+03
1.23e+03
1.19e+03
1.12e+03
1.07e+03
984
852
695
520
331
132
-72
-272
-464
-641
-800
-929
-1.03e+03
-1.1e+03
-1.13e+03
-1.1e+03
-1.02e+03
-949
-841
-709
-553
-380
-193
-1
192
379
552
708
840
948
1.02e+03
1.04e+03
1.08e+03
1.06e+03
1e+03
920
811
675
520
352
175
-9
-193
-373
-548
-709
-860
-1.02e+03
-1.11e+03
-1.2e+03
-1.27e+03
-1.33e+03
-1.36e+03
-1.38e+03
-1.38e+03
-1.37e+03
-1.34e+03
-1.29e+03
-1.24e+03
-1.17e+03
-1.1e+03
-1.01e+03
-924
-857
-785
-677
-561
-437
-312
-181
-48
84
215
340
463
579
684
779
863
963
1.05e+03
1.09e+03
1.11e+03
1.12e+03
1.11e+03
1.09e+03
1.06e+03
1.02e+03
975
927
883
840
807
780
764
791
764
780
804
839
880
924
972
1.02e+03
1.06e+03
1.09e+03
1.11e+03
1.12e+03
1.11e+03
1.09e+03
1.05e+03
960
860
775
680
575
459
336
211
80
-52
-185
-316
-441
-565
-681
-789
-921
-981
-1.06e+03
-1.13e+03
-1.19e+03
-1.23e+03
-1.26e+03
-1.28e+03
-1.29e+03
-1.28e+03
-1.26e+03
-1.23e+03
-1.19e+03
-1.13e+03
-1.06e+03
-981
-921
-789
-681
-565
-441
-316
-185
-52
80
211
336
459
575
680
775
860
960
1.05e+03
1.09e+03
1.11e+03
1.12e+03
1.11e+03
1.09e+03
1.06e+03
1.02e+03
972
924
880
839
804
779
764
732
712
739
779
828
892
959
1.03e+03
1.1e+03
1.16e+03
1.21e+03
1.25e+03
1.26e+03
1.26e+03
1.23e+03
1.18e+03
1.07e+03
931
807
664
507
340
163
-13
-192
-361
-520
-664
-788
-888
-960
-1.01e+03
-1.06e+03
-1.01e+03
-961
-889
-789
-665
-521
-364
-193
-16
160
339
504
663
804
928
1e+03
1.12e+03
1.18e+03
1.23e+03
1.25e+03
1.25e+03
1.24e+03
1.21e+03
1.18e+03
1.13e+03
1.08e+03
1.02e+03
972
920
875
835
831
835
808
788
772
760
752
747
744
747
752
760
772
788
808
835
892
887
916
951
983
1.02e+03
1.05e+03
1.07e+03
1.1e+03
1.11e+03
1.12e+03
1.12e+03
1.1e+03
1.08e+03
1.04e+03
995
960
915
819
708
584
451
304
156
0
-153
-304
-449
-584
-705
-816
-912
-957
-992
-1.04e+03
-1.08e+03
-1.1e+03
-1.11e+03
-1.12e+03
-1.11e+03
-1.09e+03
-1.07e+03
-1.04e+03
-1.01e+03
-977
-945
-912
-881
-885
-828
-801
-781
-765
-753
-745
-740
-737
-740
-745
-753
-765
-781
-801
-828
-825
-829
-869
-916
-968
-1.02e+03
-1.07e+03
-1.13e+03
-1.17e+03
-1.21e+03
-1.24e+03
-1.25e+03
-1.25e+03
-1.22e+03
-1.18e+03
-1.12e+03
-1e+03
-925
-801
-660
-504
-337
-160
16
195
364
520
664
788
888
960
1.01e+03
1.06e+03
1.01e+03
960
888
788
664
520
364
195
16
-160
-337
-504
-660
-801
-925
-1e+03
-1.12e+03
-1.18e+03
-1.22e+03
-1.25e+03
-1.25e+03
-1.24e+03
-1.21e+03
-1.17e+03
-1.13e+03
-1.07e+03
-1.02e+03
-968
-916
-869
-829
-768
-773
-760
-753
-756
-764
-777
-796
-817
-841
-865
-888
-909
-928
-941
-952
-925
-897
-897
-897
-897
-897
-897
-897
-897
-897
-897
-897
-897
-897
-897
-897
-868
-897
-897
-897
-897
-900
-900
-900
-900
-900
-900
-900
-900
-900
-900
-900
-929
-956
-945
-932
-913
-892
-869
-845
-821
-800
-781
-768
-760
-757
-764
-777
-829
-885
-913
-948
-980
-1.01e+03
-1.04e+03
-1.07e+03
-1.09e+03
-1.11e+03
-1.12e+03
-1.11e+03
-1.1e+03
-1.08e+03
-1.04e+03
-992
-957
-912
-816
-705
-581
-448
-304
-153
0
156
304
451
584
708
819
915
1.02e+03
1.05e+03
1.09e+03
1.11e+03
1.12e+03
1.11e+03
1.08e+03
1.06e+03
1.02e+03
972
924
880
839
804
780
764
732
712
739
779
828
892
959
1.03e+03
1.1e+03
1.16e+03
1.21e+03
1.24e+03
1.26e+03
1.26e+03
1.23e+03
1.17e+03
1.06e+03
932
807
667
508
343
164
-12
-189
-360
-517
-661
-785
-885
-957
-1.01e+03
-1.05e+03
-1.01e+03
-957
-885
-785
-661
-520
-361
-192
-13
163
340
507
663
804
928
1e+03
1.12e+03
1.18e+03
1.23e+03
1.25e+03
1.25e+03
1.24e+03
1.21e+03
1.18e+03
1.13e+03
1.08e+03
1.02e+03
971
919
872
832
828
831
804
784
771
759
751
744
743
744
751
760
772
788
808
835
832
836
876
923
972
1.02e+03
1.08e+03
1.13e+03
1.18e+03
1.21e+03
1.24e+03
1.25e+03
1.25e+03
1.23e+03
1.18e+03
1.12e+03
1e+03
928
804
663
504
339
163
-13
-192
-361
-520
-661
-785
-885
-957
-1.01e+03
-1.05e+03
-1.01e+03
-957
-885
-785
-661
-520
-361
-192
-13
163
339
504
663
804
928
1e+03
1.12e+03
1.18e+03
1.23e+03
1.25e+03
1.25e+03
1.24e+03
1.21e+03
1.18e+03
1.13e+03
1.08e+03
1.02e+03
972
923
876
836
775
780
767
760
763
771
783
800
823
847
871
892
915
931
944
955
928
900
900
900
900
900
900
900
900
900
900
900
900
900
900
900
871
900
900
900
903
903
903
903
903
903
903
904
904
904
904
904
932
959
948
932
915
892
871
847
823
800
783
767
759
756
763
776
771
832
872
919
971
1.02e+03
1.08e+03
1.13e+03
1.18e+03
1.21e+03
1.24e+03
1.25e+03
1.25e+03
1.23e+03
1.19e+03
1.12e+03
1.01e+03
932
808
667
508
343
164
-12
-189
-360
-517
-661
-785
-885
-957
-1.01e+03
-1.05e+03
-1.01e+03
-957
-885
-785
-664
-520
-361
-192
-13
163
339
504
663
804
928
1.06e+03
1.17e+03
1.23e+03
1.26e+03
1.26e+03
1.24e+03
1.21e+03
1.16e+03
1.1e+03
1.02e+03
955
888
824
775
735
708
668
708
735
775
827
891
956
1.03e+03
1.1e+03
1.16e+03
1.21e+03
1.24e+03
1.26e+03
1.26e+03
1.23e+03
1.18e+03
1.07e+03
932
808
667
508
343
164
-12
-189
-360
-517
-661
-785
-885
-957
-1.01e+03
-992
-952
-916
-856
-773
-672
-552
-417
-269
-116
44
204
364
523
668
808
907
1.05e+03
1.16e+03
1.25e+03
1.32e+03
1.38e+03
1.42e+03
1.44e+03
1.45e+03
1.44e+03
1.42e+03
1.38e+03
1.32e+03
1.25e+03
1.16e+03
1.06e+03
964
863
712
551
376
195
11
-173
-352
-520
-673
-809
-920
-1.01e+03
-1.06e+03
-1.08e+03
-1.1e+03
-1.08e+03
-992
-872
-721
-544
-345
-133
83
296
503
691
855
988
1.09e+03
1.15e+03
1.14e+03
1.15e+03
1.09e+03
991
856
692
504
299
84
-132
-341
-540
-717
-868
-988
-1.07e+03
-1.15e+03
-1.13e+03
-1.1e+03
-1.03e+03
-928
-797
-640
-461
-269
-69
135
332
520
695
852
984
1.07e+03
1.12e+03
1.19e+03
1.23e+03
1.25e+03
1.25e+03
1.24e+03
1.22e+03
1.18e+03
1.13e+03
1.08e+03
1.03e+03
972
923
876
835
832
835
808
788
772
760
752
747
744
747
752
760
772
788
808
835
832
836
876
920
972
1.02e+03
1.08e+03
1.13e+03
1.18e+03
1.21e+03
1.24e+03
1.25e+03
1.25e+03
1.23e+03
1.18e+03
1.12e+03
1.06e+03
980
848
691
516
328
131
-72
-272
-464
-641
-800
-928
-1.03e+03
-1.1e+03
-1.13e+03
-1.09e+03
-1.02e+03
-945
-837
-705
-549
-376
-192
0
195
380
555
708
840
948
1.02e+03
1.1e+03
1.13e+03
1.1e+03
1.03e+03
931
800
643
464
272
72
-132
-329
-517
-692
-849
-981
-1.06e+03
-1.12e+03
-1.18e+03
-1.23e+03
-1.25e+03
-1.25e+03
-1.24e+03
-1.21e+03
-1.17e+03
-1.13e+03
-1.07e+03
-1.02e+03
-968
-916
-869
-829
-825
-828
-801
-781
-765
-753
-748
-741
-740
-741
-748
-757
-769
-785
-805
-832
-889
-885
-916
-949
-981
-1.01e+03
-1.04e+03
-1.07e+03
-1.09e+03
-1.11e+03
-1.12e+03
-1.11e+03
-1.1e+03
-1.08e+03
-1.04e+03
-992
-957
-912
-816
-705
-581
-448
-301
-153
0
156
307
452
584
708
819
915
1.02e+03
1.05e+03
1.09e+03
1.11e+03
1.12e+03
1.11e+03
1.08e+03
1.06e+03
1.02e+03
971
923
879
836
803
776
760
787
760
776
803
836
879
923
971
1.02e+03
1.06e+03
1.08e+03
1.11e+03
1.12e+03
1.11e+03
1.09e+03
1.05e+03
1.02e+03
915
819
708
584
452
307
156
0
-153
-304
-449
-581
-705
-816
-912
-1.02e+03
-1.05e+03
-1.09e+03
-1.11e+03
-1.11e+03
-1.1e+03
-1.08e+03
-1.05e+03
-1.01e+03
-968
-920
-876
-833
-800
-773
-757
-725
-705
-732
-772
-821
-885
-952
-1.02e+03
-1.09e+03
-1.15e+03
-1.2e+03
-1.24e+03
-1.26e+03
-1.25e+03
-1.22e+03
-1.17e+03
-1.12e+03
-977
-845
-688
-513
-325
-128
76
276
468
647
804
935
1.04e+03
1.1e+03
1.14e+03
1.16e+03
1.08e+03
995
875
724
547
348
139
-77
-292
-497
-685
-849
-984
-1.08e+03
-1.14e+03
-1.19e+03
-1.2e+03
-1.13e+03
-1.01e+03
-861
-676
-464
-236
3
243
471
683
868
1.02e+03
1.14e+03
1.2e+03
1.2e+03
1.15e+03
1.09e+03
991
856
692
504
299
84
-132
-341
-540
-717
-868
-988
-1.07e+03
-1.15e+03
-1.13e+03
-1.1e+03
-1.03e+03
-928
-800
-641
-464
-272
-72
131
328
516
691
848
980
1.12e+03
1.17e+03
1.23e+03
1.26e+03
1.26e+03
1.24e+03
1.21e+03
1.16e+03
1.1e+03
1.03e+03
956
891
827
776
736
712
672
712
739
779
828
892
959
1.03e+03
1.1e+03
1.16e+03
1.21e+03
1.25e+03
1.26e+03
1.26e+03
1.23e+03
1.18e+03
1.12e+03
983
851
692
519
331
132
-72
-272
-464
-641
-800
-929
-1.03e+03
-1.1e+03
-1.13e+03
-1.1e+03
-1.02e+03
-949
-841
-709
-553
-380
-193
-1
192
379
552
708
840
948
1.02e+03
1.04e+03
1.08e+03
1.06e+03
1e+03
923
812
676
523
355
179
-5
-189
-369
-544
-705
-856
-957
-1.05e+03
-1.15e+03
-1.24e+03
-1.31e+03
-1.37e+03
-1.41e+03
-1.44e+03
-1.45e+03
-1.44e+03
-1.41e+03
-1.37e+03
-1.32e+03
-1.24e+03
-1.16e+03
-1.05e+03
-961
-860
-709
-548
-373
-193
-9
176
355
523
676
812
923
1.01e+03
1.06e+03
1.08e+03
1.04e+03
1.03e+03
952
844
712
556
383
196
0
-192
-377
-552
-708
-840
-949
-1.02e+03
-1.1e+03
-1.13e+03
-1.1e+03
-1.03e+03
-932
-801
-644
-465
-273
-73
131
328
516
691
848
980
1.12e+03
1.17e+03
1.23e+03
1.26e+03
1.26e+03
1.24e+03
1.21e+03
1.16e+03
1.1e+03
1.02e+03
955
888
824
775
735
708
728
760
776
803
836
880
924
972
1.02e+03
1.06e+03
1.09e+03
1.11e+03
1.12e+03
1.12e+03
1.09e+03
1.05e+03
1.02e+03
919
823
712
588
455
307
156
0
-153
-305
-452
-585
-709
-820
-916
-961
-996
-1.05e+03
-1.08e+03
-1.11e+03
-1.12e+03
-1.12e+03
-1.11e+03
-1.09e+03
-1.07e+03
-1.04e+03
-1.01e+03
-977
-945
-912
-881
-825
-773
-760
-753
-756
-764
-777
-797
-820
-844
-868
-889
-912
-932
-945
-956
-989
-956
-945
-932
-913
-892
-868
-844
-820
-797
-780
-765
-757
-756
-760
-773
-768
-829
-869
-916
-968
-1.02e+03
-1.07e+03
-1.13e+03
-1.17e+03
-1.21e+03
-1.24e+03
-1.25e+03
-1.25e+03
-1.22e+03
-1.18e+03
-1.12e+03
-1.06e+03
-977
-845
-688
-516
-328
-129
75
275
467
644
800
931
1.03e+03
1.1e+03
1.13e+03
1.16e+03
1.08e+03
991
871
720
543
344
135
-80
-293
-500
-688
-852
-985
-1.08e+03
-1.14e+03
-1.19e+03
-1.2e+03
-1.13e+03
-1.01e+03
-861
-676
-464
-236
3
243
471
683
868
1.02e+03
1.14e+03
1.2e+03
1.2e+03
1.15e+03
1.09e+03
988
855
691
503
296
83
-133
-344
-541
-720
-869
-992
-1.08e+03
-1.1e+03
-1.08e+03
-1.06e+03
-1.01e+03
-921
-812
-676
-521
-353
-176
8
192
372
547
708
859
1.02e+03
1.1e+03
1.2e+03
1.27e+03
1.33e+03
1.36e+03
1.38e+03
1.38e+03
1.37e+03
1.34e+03
1.3e+03
1.24e+03
1.17e+03
1.1e+03
1.02e+03
927
860
788
680
564
440
315
184
51
-81
-212
-337
-460
-576
-681
-776
-861
-904
-996
-1.05e+03
-1.08e+03
-1.11e+03
-1.12e+03
-1.12e+03
-1.11e+03
-1.1e+03
-1.07e+03
-1.05e+03
-1.02e+03
-981
-949
-916
-885
-889
-832
-805
-784
-768
-756
-748
-741
-740
-741
-748
-756
-768
-781
-801
-828
-885
-881
-912
-945
-977
-1.01e+03
-1.04e+03
-1.07e+03
-1.09e+03
-1.11e+03
-1.12e+03
-1.11e+03
-1.1e+03
-1.08e+03
-1.04e+03
-992
-957
-912
-816
-705
-584
-449
-304
-153
0
156
307
452
584
708
819
915
1.02e+03
1.05e+03
1.09e+03
1.11e+03
1.12e+03
1.11e+03
1.08e+03
1.06e+03
1.02e+03
971
923
879
836
803
776
760
728
708
735
775
827
891
956
1.03e+03
1.1e+03
1.16e+03
1.21e+03
1.24e+03
1.26e+03
1.26e+03
1.23e+03
1.18e+03
1.12e+03
984
852
695
520
332
135
-69
-272
-464
-641
-800
-929
-1.03e+03
-1.1e+03
-1.13e+03
-1.1e+03
-1.02e+03
-949
-841
-709
-553
-380
-193
-1
192
379
552
708
840
948
1.02e+03
1.1e+03
1.13e+03
1.1e+03
1.03e+03
932
803
644
467
275
76
-128
-325
-513
-688
-845
-977
-1.12e+03
-1.17e+03
-1.22e+03
-1.25e+03
-1.26e+03
-1.24e+03
-1.21e+03
-1.15e+03
-1.09e+03
-1.02e+03
-953
-888
-825
-776
-736
-709
-669
-709
-736
-776
-825
-888
-953
-1.02e+03
-1.09e+03
-1.15e+03
-1.21e+03
-1.24e+03
-1.26e+03
-1.25e+03
-1.22e+03
-1.17e+03
-1.06e+03
-925
-801
-660
-501
-336
-157
19
195
364
523
667
791
888
960
1.01e+03
1.06e+03
1.01e+03
960
888
788
664
520
363
192
15
-161
-340
-505
-664
-805
-929
-1.01e+03
-1.12e+03
-1.18e+03
-1.23e+03
-1.25e+03
-1.25e+03
-1.24e+03
-1.21e+03
-1.17e+03
-1.13e+03
-1.07e+03
-1.02e+03
-968
-916
-869
-829
-825
-828
-801
-781
-765
-753
-748
-741
-740
-741
-748
-757
-769
-785
-805
-832
-889
-885
-916
-949
-981
-1.01e+03
-1.04e+03
-1.07e+03
-1.09e+03
-1.11e+03
-1.12e+03
-1.11e+03
-1.1e+03
-1.08e+03
-1.04e+03
-992
-900
-857
-772
-677
-572
-456
-333
-209
-80
52
187
315
440
564
680
788
920
980
1.06e+03
1.13e+03
1.18e+03
1.23e+03
1.26e+03
1.28e+03
1.29e+03
1.28e+03
1.26e+03
1.23e+03
1.19e+03
1.13e+03
1.06e+03
984
864
739
640
539
435
328
219
112
3
-105
-212
-321
-428
-532
-633
-732
-857
-977
-1.06e+03
-1.12e+03
-1.18e+03
-1.23e+03
-1.26e+03
-1.28e+03
-1.28e+03
-1.28e+03
-1.26e+03
-1.23e+03
-1.18e+03
-1.12e+03
-1.06e+03
-977
-917
-785
-677
-561
-437
-312
-181
-48
84
215
340
463
579
684
779
864
907
999
1.05e+03
1.08e+03
1.11e+03
1.12e+03
1.12e+03
1.11e+03
1.1e+03
1.07e+03
1.04e+03
1.02e+03
980
948
915
884
828
776
763
756
759
767
783
800
823
847
871
892
915
932
948
959
992
959
948
935
916
895
871
847
823
800
783
768
759
756
763
776
828
884
915
948
980
1.02e+03
1.04e+03
1.07e+03
1.1e+03
1.11e+03
1.12e+03
1.12e+03
1.1e+03
1.08e+03
1.04e+03
995
960
915
819
708
584
451
304
155
-1
-156
-305
-452
-585
-709
-820
-916
-961
-996
-1.05e+03
-1.08e+03
-1.11e+03
-1.12e+03
-1.12e+03
-1.11e+03
-1.1e+03
-1.07e+03
-1.04e+03
-1.02e+03
-981
-949
-916
-884
-889
-832
-805
-785
-769
-757
-749
-744
-741
-744
-749
-757
-769
-785
-805
-832
-829
-833
-873
-917
-969
-1.02e+03
-1.08e+03
-1.13e+03
-1.17e+03
-1.21e+03
-1.24e+03
-1.25e+03
-1.25e+03
-1.22e+03
-1.18e+03
-1.12e+03
-1e+03
-925
-801
-660
-501
-336
-157
16
195
364
520
664
788
888
960
1.01e+03
995
955
919
859
776
675
555
423
275
120
-40
-200
-357
-516
-661
-801
-900
-1.05e+03
-1.15e+03
-1.24e+03
-1.31e+03
-1.37e+03
-1.41e+03
-1.44e+03
-1.44e+03
-1.44e+03
-1.41e+03
-1.37e+03
-1.31e+03
-1.24e+03
-1.15e+03
-1.05e+03
-957
-856
-705
-544
-369
-189
-5
179
356
524
679
815
924
1.01e+03
1.06e+03
1.08e+03
1.1e+03
1.08e+03
995
875
724
547
348
139
-77
-292
-497
-685
-849
-984
-1.08e+03
-1.14e+03
-1.19e+03
-1.2e+03
-1.13e+03
-1.01e+03
-861
-677
-465
-237
0
240
468
680
867
1.02e+03
1.13e+03
1.2e+03
1.2e+03
1.15e+03
1.09e+03
987
852
688
500
295
80
-136
-345
-544
-721
-872
-992
-1.08e+03
-1.16e+03
-1.13e+03
-1.1e+03
-1.03e+03
-929
-800
-641
-464
-272
-72
132
331
520
692
851
984
1.07e+03
1.12e+03
1.19e+03
1.23e+03
1.25e+03
1.26e+03
1.24e+03
1.22e+03
1.18e+03
1.13e+03
1.08e+03
1.03e+03
975
923
876
836
831
832
808
787
771
760
752
747
744
747
752
760
772
788
808
835
892
888
919
952
984
1.02e+03
1.05e+03
1.08e+03
1.1e+03
1.12e+03
1.12e+03
1.12e+03
1.11e+03
1.08e+03
1.05e+03
999
964
919
823
712
588
455
308
159
3
-152
-301
-448
-581
-705
-816
-912
-1.02e+03
-1.05e+03
-1.09e+03
-1.11e+03
-1.11e+03
-1.1e+03
-1.08e+03
-1.05e+03
-1.01e+03
-968
-920
-876
-833
-800
-773
-757
-784
-757
-773
-800
-833
-876
-920
-968
-1.01e+03
-1.05e+03
-1.08e+03
-1.1e+03
-1.11e+03
-1.11e+03
-1.09e+03
-1.05e+03
-957
-857
-772
-677
-572
-457
-336
-209
-80
52
187
316
440
564
680
788
920
980
1.06e+03
1.13e+03
1.18e+03
1.23e+03
1.26e+03
1.28e+03
1.29e+03
1.28e+03
1.26e+03
1.23e+03
1.18e+03
1.13e+03
1.06e+03
980
920
788
680
564
440
315
184
51
-81
-212
-337
-460
-576
-681
-776
-861
-961
-1.05e+03
-1.09e+03
-1.11e+03
-1.12e+03
-1.11e+03
-1.09e+03
-1.06e+03
-1.02e+03
-972
-924
-880
-837
-804
-777
-761
-788
-761
-777
-804
-837
-880
-924
-972
-1.02e+03
-1.06e+03
-1.09e+03
-1.11e+03
-1.12e+03
-1.11e+03
-1.09e+03
-1.05e+03
-1.02e+03
-916
-820
-709
-585
-452
-305
-156
-1
155
304
451
584
708
819
915
960
995
1.04e+03
1.08e+03
1.1e+03
1.12e+03
1.12e+03
1.11e+03
1.1e+03
1.07e+03
1.04e+03
1.02e+03
980
948
915
884
828
776
763
756
759
767
780
799
820
844
868
891
912
931
944
955
928
900
900
900
900
900
903
903
903
903
903
903
903
903
904
904
875
904
904
904
904
904
904
904
904
904
904
904
903
903
903
903
872
903
903
903
903
904
904
904
904
904
904
904
904
904
904
904
932
959
947
932
915
892
871
847
823
800
783
768
760
756
763
776
828
884
915
948
980
1.02e+03
1.04e+03
1.07e+03
1.1e+03
1.11e+03
1.12e+03
1.12e+03
1.1e+03
1.08e+03
1.04e+03
995
960
915
819
708
587
452
307
156
0
-153
-301
-448
-581
-705
-816
-912
-1.02e+03
-1.05e+03
-1.09e+03
-1.11e+03
-1.11e+03
-1.1e+03
-1.08e+03
-1.05e+03
-1.01e+03
-969
-921
-877
-836
-804
-777
-761
-788
-761
-777
-804
-837
-880
-921
-969
-1.01e+03
-1.05e+03
-1.08e+03
-1.11e+03
-1.11e+03
-1.11e+03
-1.09e+03
-1.05e+03
-957
-857
-772
-677
-572
-456
-333
-208
-77
55
188
319
444
568
684
792
924
983
1.06e+03
1.13e+03
1.19e+03
1.23e+03
1.26e+03
1.28e+03
1.29e+03
1.28e+03
1.26e+03
1.23e+03
1.19e+03
1.13e+03
1.06e+03
984
924
792
684
568
444
319
188
55
-77
-208
-333
-456
-572
-677
-772
-857
-900
-992
-1.04e+03
-1.08e+03
-1.1e+03
-1.11e+03
-1.12e+03
-1.11e+03
-1.09e+03
-1.07e+03
-1.04e+03
-1.01e+03
-977
-945
-912
-881
-825
-773
-760
-753
-756
-764
-777
-796
-817
-841
-865
-888
-909
-928
-941
-952
-925
-897
-897
-897
-897
-900
-900
-900
-900
-900
-900
-900
-900
-900
-900
-900
-872
-901
-901
-901
-901
-901
-901
-901
-901
-901
-901
-901
-901
-901
-901
-901
-929
-953
-944
-929
-912
-889
-868
-844
-820
-797
-780
-765
-757
-753
-760
-773
-768
-829
-869
-916
-968
-1.02e+03
-1.07e+03
-1.13e+03
-1.17e+03
-1.21e+03
-1.24e+03
-1.25e+03
-1.25e+03
-1.22e+03
-1.18e+03
-1.12e+03
-1.06e+03
-977
-845
-688
-516
-328
-129
75
275
467
644
803
931
1.03e+03
1.1e+03
1.13e+03
1.1e+03
1.02e+03
948
840
708
552
379
192
-1
-193
-380
-553
-709
-841
-949
-1.02e+03
-1.04e+03
-1.08e+03
-1.06e+03
-1e+03
-920
-809
-673
-520
-352
-173
12
196
376
551
712
863
964
1.06e+03
1.16e+03
1.24e+03
1.32e+03
1.38e+03
1.42e+03
1.44e+03
1.45e+03
1.44e+03
1.42e+03
1.38e+03
1.32e+03
1.24e+03
1.16e+03
1.05e+03
960
859
708
547
372
192
8
-176
-352
-520
-673
-809
-917
-1e+03
-1.06e+03
-1.08e+03
-1.09e+03
-1.07e+03
-988
-868
-717
-540
-341
-132
84
299
504
692
856
988
1.09e+03
1.15e+03
1.2e+03
1.2e+03
1.13e+03
1.02e+03
868
683
471
243
3
-236
-464
-676
-861
-1.01e+03
-1.13e+03
-1.2e+03
-1.19e+03
-1.14e+03
-1.08e+03
-984
-852
-688
-500
-293
-80
136
344
543
720
871
991
1.08e+03
1.16e+03
1.13e+03
1.1e+03
1.03e+03
931
800
644
467
275
75
-129
-328
-516
-688
-845
-977
-1.12e+03
-1.17e+03
-1.22e+03
-1.25e+03
-1.26e+03
-1.24e+03
-1.2e+03
-1.15e+03
-1.09e+03
-1.02e+03
-952
-885
-821
-772
-732
-705
-665
-705
-732
-772
-824
-888
-953
-1.02e+03
-1.09e+03
-1.15e+03
-1.21e+03
-1.24e+03
-1.26e+03
-1.25e+03
-1.23e+03
-1.17e+03
-1.12e+03
-981
-849
-692
-517
-329
-132
72
272
464
643
800
931
1.03e+03
1.1e+03
1.13e+03
1.1e+03
1.02e+03
948
840
708
552
379
192
-1
-193
-380
-553
-709
-841
-949
-1.02e+03
-1.04e+03
-1.08e+03
-1.06e+03
-1.01e+03
-921
-812
-676
-521
-353
-176
8
192
372
547
708
859
960
1.05e+03
1.16e+03
1.24e+03
1.32e+03
1.38e+03
1.42e+03
1.44e+03
1.45e+03
1.44e+03
1.42e+03
1.38e+03
1.32e+03
1.24e+03
1.16e+03
1.05e+03
960
859
708
547
372
192
8
-176
-353
-521
-676
-812
-921
-1.01e+03
-1.06e+03
-1.08e+03
-1.04e+03
-1.02e+03
-949
-840
-708
-552
-377
-192
0
195
380
555
711
843
951
1.02e+03
1.04e+03
1.08e+03
1.06e+03
1.01e+03
924
815
679
524
356
179
-5
-189
-369
-544
-705
-856
-957
-1.05e+03
-1.15e+03
-1.24e+03
-1.32e+03
-1.37e+03
-1.41e+03
-1.44e+03
-1.45e+03
-1.44e+03
-1.41e+03
-1.38e+03
-1.32e+03
-1.24e+03
-1.16e+03
-1.05e+03
-904
-805
-665
-520
-361
-201
-41
120
275
423
556
676
779
863
923
959
939
959
923
863
780
679
559
424
275
120
-40
-200
-361
-520
-665
-805
-904
-1.05e+03
-1.16e+03
-1.24e+03
-1.32e+03
-1.38e+03
-1.42e+03
-1.44e+03
-1.45e+03
-1.44e+03
-1.42e+03
-1.38e+03
-1.32e+03
-1.24e+03
-1.16e+03
-1.05e+03
-961
-857
-708
-545
-373
-193
-8
176
355
523
676
812
923
1.01e+03
1.06e+03
1.08e+03
1.04e+03
1.03e+03
952
844
712
556
383
196
3
-189
-376
-549
-705
-837
-945
-1.02e+03
-1.09e+03
-1.13e+03
-1.1e+03
-1.03e+03
-929
-800
-641
-464
-272
-72
132
328
516
691
848
980
1.06e+03
1.12e+03
1.18e+03
1.23e+03
1.25e+03
1.25e+03
1.24e+03
1.21e+03
1.18e+03
1.13e+03
1.08e+03
1.02e+03
971
919
872
832
828
831
804
784
768
756
748
743
740
743
748
756
768
784
804
831
888
884
915
948
980
1.02e+03
1.04e+03
1.07e+03
1.1e+03
1.11e+03
1.12e+03
1.12e+03
1.1e+03
1.08e+03
1.04e+03
995
960
915
819
708
584
451
304
155
-1
-156
-305
-452
-585
-709
-820
-916
-961
-996
-1.05e+03
-1.08e+03
-1.1e+03
-1.12e+03
-1.12e+03
-1.11e+03
-1.09e+03
-1.07e+03
-1.04e+03
-1.01e+03
-977
-945
-912
-881
-885
-828
-801
-781
-765
-756
-748
-741
-740
-741
-748
-756
-768
-785
-805
-832
-829
-833
-873
-920
-972
-1.02e+03
-1.08e+03
-1.13e+03
-1.17e+03
-1.21e+03
-1.24e+03
-1.25e+03
-1.25e+03
-1.22e+03
-1.18e+03
-1.12e+03
-1e+03
-925
-801
-660
-501
-336
-157
19
196
367
524
668
792
891
963
1.01e+03
1.06e+03
1.01e+03
963
891
792
668
524
367
196
19
-157
-336
-501
-660
-801
-925
-1.06e+03
-1.17e+03
-1.22e+03
-1.25e+03
-1.26e+03
-1.24e+03
-1.21e+03
-1.15e+03
-1.09e+03
-1.02e+03
-953
-888
-824
-776
-736
-709
-729
-761
-777
-804
-836
-877
-921
-969
-1.01e+03
-1.05e+03
-1.08e+03
-1.11e+03
-1.11e+03
-1.11e+03
-1.09e+03
-1.05e+03
-957
-857
-772
-677
-572
-456
-333
-208
-77
55
188
319
444
568
684
791
863
928
1.02e+03
1.1e+03
1.18e+03
1.24e+03
1.3e+03
1.34e+03
1.37e+03
1.39e+03
1.38e+03
1.37e+03
1.33e+03
1.28e+03
1.2e+03
1.11e+03
1.02e+03
863
712
551
376
195
11
-173
-352
-520
-673
-809
-920
-1e+03
-1.06e+03
-1.08e+03
-1.04e+03
-1.02e+03
-949
-841
-709
-553
-380
-193
-1
192
379
552
708
840
948
1.02e+03
1.04e+03
1.08e+03
1.06e+03
1e+03
920
811
675
520
352
175
-9
-193
-373
-548
-709
-860
-961
-1.05e+03
-1.16e+03
-1.24e+03
-1.32e+03
-1.37e+03
-1.41e+03
-1.44e+03
-1.45e+03
-1.44e+03
-1.41e+03
-1.37e+03
-1.31e+03
-1.24e+03
-1.15e+03
-1.05e+03
-957
-856
-705
-544
-369
-189
-5
179
355
523
676
812
923
1e+03
1.06e+03
1.08e+03
1.04e+03
1.02e+03
948
840
708
552
379
192
-1
-193
-380
-553
-709
-841
-949
-1.02e+03
-1.1e+03
-1.13e+03
-1.1e+03
-1.03e+03
-929
-800
-641
-464
-272
-69
135
332
520
695
852
984
1.07e+03
1.12e+03
1.19e+03
1.23e+03
1.25e+03
1.25e+03
1.24e+03
1.21e+03
1.18e+03
1.13e+03
1.08e+03
1.02e+03
972
919
872
832
828
831
804
784
768
756
748
743
740
743
748
756
768
784
804
831
828
832
872
919
972
1.02e+03
1.08e+03
1.13e+03
1.18e+03
1.21e+03
1.24e+03
1.26e+03
1.25e+03
1.23e+03
1.19e+03
1.12e+03
1.07e+03
984
852
695
520
332
135
-72
-272
-464
-641
-800
-929
-1.03e+03
-1.1e+03
-1.13e+03
-1.16e+03
-1.08e+03
-992
-872
-721
-544
-345
-136
83
296
503
691
855
988
1.09e+03
1.15e+03
1.2e+03
1.2e+03
1.14e+03
1.02e+03
868
683
471
243
3
-236
-464
-676
-861
-1.01e+03
-1.13e+03
-1.2e+03
-1.25e+03
-1.2e+03
-1.13e+03
-1.01e+03
-861
-676
-464
-236
3
243
471
683
868
1.02e+03
1.14e+03
1.2e+03
1.26e+03
1.2e+03
1.14e+03
1.02e+03
867
680
468
240
0
-240
-468
-680
-865
-1.02e+03
-1.13e+03
-1.2e+03
-1.2e+03
-1.15e+03
-1.09e+03
-988
-852
-688
-500
-293
-80
136
347
547
723
872
995
1.08e+03
1.1e+03
1.08e+03
1.06e+03
1.01e+03
924
815
676
523
355
176
-8
-192
-373
-548
-709
-860
-961
-1.05e+03
-1.16e+03
-1.24e+03
-1.32e+03
-1.38e+03
-1.42e+03
-1.44e+03
-1.45e+03
-1.44e+03
-1.42e+03
-1.38e+03
-1.32e+03
-1.24e+03
-1.16e+03
-1.05e+03
-961
-857
-708
-545
-373
-193
-8
176
355
523
676
812
923
1.01e+03
1.06e+03
1.08e+03
1.1e+03
1.08e+03
995
875
724
547
348
139
-77
-292
-497
-685
-849
-984
-1.08e+03
-1.14e+03
-1.13e+03
-1.14e+03
-1.08e+03
-985
-852
-688
-500
-293
-80
135
344
543
720
871
991
1.08e+03
1.16e+03
1.13e+03
1.1e+03
1.03e+03
931
800
643
467
275
75
-129
-328
-513
-688
-845
-977
-1.12e+03
-1.17e+03
-1.22e+03
-1.25e+03
-1.26e+03
-1.24e+03
-1.2e+03
-1.15e+03
-1.09e+03
-1.02e+03
-953
-888
-824
-773
-733
-709
-669
-709
-736
-776
-825
-889
-956
-1.03e+03
-1.1e+03
-1.16e+03
-1.21e+03
-1.24e+03
-1.26e+03
-1.26e+03
-1.23e+03
-1.17e+03
-1.12e+03
-981
-849
-689
-516
-328
-129
75
275
468
647
804
935
1.04e+03
1.1e+03
1.14e+03
1.1e+03
1.03e+03
952
844
712
555
380
195
0
-192
-380
-553
-709
-841
-949
-1.02e+03
-1.04e+03
-1.08e+03
-1.06e+03
-1.01e+03
-921
-809
-673
-520
-352
-173
11
196
376
551
712
863
964
1.06e+03
1.16e+03
1.25e+03
1.32e+03
1.38e+03
1.42e+03
1.44e+03
1.45e+03
1.44e+03
1.42e+03
1.38e+03
1.32e+03
1.24e+03
1.16e+03
1.05e+03
903
804
664
519
360
200
40
-120
-272
-420
-553
-673
-773
-856
-916
-952
-932
-952
-916
-856
-773
-672
-552
-417
-269
-116
44
204
364
523
668
807
963
1.11e+03
1.2e+03
1.27e+03
1.33e+03
1.37e+03
1.38e+03
1.39e+03
1.37e+03
1.34e+03
1.3e+03
1.24e+03
1.18e+03
1.1e+03
1.02e+03
931
804
739
640
539
435
328
216
111
0
-109
-216
-325
-432
-536
-637
-736
-801
-928
-1.02e+03
-1.1e+03
-1.17e+03
-1.24e+03
-1.29e+03
-1.34e+03
-1.37e+03
-1.38e+03
-1.38e+03
-1.36e+03
-1.33e+03
-1.27e+03
-1.2e+03
-1.1e+03
-1.02e+03
-856
-705
-544
-369
-189
-5
179
355
523
676
812
920
1e+03
1.06e+03
1.08e+03
1.04e+03
1.02e+03
948
840
708
552
379
192
-1
-193
-380
-553
-709
-841
-949
-1.02e+03
-1.04e+03
-1.08e+03
-1.06e+03
-1e+03
-921
-812
-676
-521
-353
-176
8
192
372
547
708
859
1.02e+03
1.1e+03
1.2e+03
1.27e+03
1.33e+03
1.36e+03
1.38e+03
1.38e+03
1.37e+03
1.34e+03
1.3e+03
1.24e+03
1.17e+03
1.1e+03
1.02e+03
927
860
788
680
564
440
316
187
52
-80
-209
-336
-457
-572
-677
-772
-857
-957
-1.05e+03
-1.09e+03
-1.11e+03
-1.11e+03
-1.1e+03
-1.08e+03
-1.05e+03
-1.01e+03
-968
-920
-876
-833
-800
-773
-757
-784
-757
-773
-800
-833
-876
-920
-968
-1.01e+03
-1.05e+03
-1.08e+03
-1.1e+03
-1.11e+03
-1.11e+03
-1.09e+03
-1.05e+03
-1.02e+03
-912
-816
-705
-581
-448
-301
-152
3
159
308
455
588
712
823
919
964
999
1.05e+03
1.08e+03
1.11e+03
1.12e+03
1.12e+03
1.11e+03
1.1e+03
1.07e+03
1.04e+03
1.02e+03
980
948
915
884
888
831
804
784
768
756
751
744
743
744
751
759
772
788
808
835
832
836
876
923
975
1.02e+03
1.08e+03
1.13e+03
1.18e+03
1.21e+03
1.24e+03
1.25e+03
1.25e+03
1.23e+03
1.18e+03
1.12e+03
1.06e+03
980
848
691
516
328
131
-73
-272
-464
-641
-800
-929
-1.03e+03
-1.1e+03
-1.13e+03
-1.15e+03
-1.07e+03
-988
-868
-717
-540
-341
-132
84
299
504
692
856
991
1.09e+03
1.15e+03
1.14e+03
1.15e+03
1.09e+03
988
855
691
503
296
83
-136
-345
-544
-721
-872
-992
-1.08e+03
-1.1e+03
-1.08e+03
-1.06e+03
-1.01e+03
-920
-809
-673
-520
-352
-173
11
195
375
548
711
863
1.02e+03
1.11e+03
1.2e+03
1.28e+03
1.33e+03
1.37e+03
1.38e+03
1.39e+03
1.37e+03
1.34e+03
1.3e+03
1.24e+03
1.18e+03
1.1e+03
1.02e+03
931
804
736
639
536
432
327
216
111
0
-108
-213
-325
-432
-536
-637
-736
-801
-928
-1.02e+03
-1.1e+03
-1.17e+03
-1.24e+03
-1.3e+03
-1.34e+03
-1.37e+03
-1.38e+03
-1.38e+03
-1.37e+03
-1.33e+03
-1.27e+03
-1.2e+03
-1.11e+03
-961
-805
-665
-520
-361
-200
-40
120
275
423
556
676
779
863
923
959
939
959
923
863
780
676
556
423
275
120
-40
-200
-361
-520
-665
-805
-961
-1.11e+03
-1.2e+03
-1.27e+03
-1.33e+03
-1.37e+03
-1.38e+03
-1.38e+03
-1.37e+03
-1.34e+03
-1.3e+03
-1.24e+03
-1.17e+03
-1.1e+03
-1.02e+03
-928
-801
-736
-637
-536
-432
-325
-216
-109
-1
108
215
324
431
535
636
735
800
927
1.02e+03
1.1e+03
1.17e+03
1.24e+03
1.3e+03
1.34e+03
1.37e+03
1.38e+03
1.38e+03
1.36e+03
1.33e+03
1.27e+03
1.2e+03
1.1e+03
1.02e+03
859
708
547
372
192
11
-173
-352
-520
-673
-809
-917
-1e+03
-1.06e+03
-1.08e+03
-1.03e+03
-1.02e+03
-945
-837
-705
-549
-376
-189
3
196
383
556
712
844
952
1.02e+03
1.1e+03
1.13e+03
1.1e+03
1.04e+03
932
804
647
468
276
76
-128
-325
-513
-688
-845
-977
-1.12e+03
-1.17e+03
-1.22e+03
-1.25e+03
-1.26e+03
-1.24e+03
-1.2e+03
-1.15e+03
-1.09e+03
-1.02e+03
-952
-885
-821
-772
-732
-705
-725
-757
-773
-800
-833
-876
-920
-968
-1.01e+03
-1.05e+03
-1.08e+03
-1.1e+03
-1.11e+03
-1.11e+03
-1.09e+03
-1.05e+03
-1.02e+03
-912
-816
-705
-581
-448
-301
-152
3
159
308
455
588
712
823
916
964
996
1.05e+03
1.08e+03
1.11e+03
1.12e+03
1.12e+03
1.12e+03
1.1e+03
1.08e+03
1.05e+03
1.02e+03
984
952
919
888
832
780
767
759
760
768
783
800
823
847
868
891
912
931
944
955
988
955
944
931
912
891
868
847
823
800
783
768
760
759
764
780
775
836
876
923
975
1.03e+03
1.08e+03
1.13e+03
1.18e+03
1.22e+03
1.24e+03
1.26e+03
1.25e+03
1.23e+03
1.19e+03
1.12e+03
1.07e+03
984
851
692
519
331
132
-72
-272
-465
-644
-801
-932
-1.03e+03
-1.1e+03
-1.13e+03
-1.16e+03
-1.08e+03
-992
-872
-721
-544
-344
-133
83
296
503
691
856
991
1.09e+03
1.15e+03
1.2e+03
1.2e+03
1.14e+03
1.02e+03
868
680
468
240
0
-237
-468
-680
-865
-1.02e+03
-1.13e+03
-1.2e+03
-1.2e+03
-1.15e+03
-1.09e+03
-988
-853
-688
-500
-293
-80
136
348
547
724
875
995
1.08e+03
1.16e+03
1.14e+03
1.1e+03
1.04e+03
935
803
644
467
275
75
-132
-329
-517
-692
-849
-981
-1.06e+03
-1.12e+03
-1.19e+03
-1.23e+03
-1.25e+03
-1.25e+03
-1.24e+03
-1.21e+03
-1.17e+03
-1.13e+03
-1.08e+03
-1.02e+03
-968
-916
-869
-829
-768
-773
-760
-753
-756
-764
-777
-796
-817
-841
-865
-888
-909
-928
-941
-952
-985
-952
-941
-928
-909
-888
-865
-841
-817
-796
-777
-764
-756
-753
-760
-773
-825
-881
-912
-945
-977
-1.01e+03
-1.04e+03
-1.07e+03
-1.09e+03
-1.11e+03
-1.12e+03
-1.11e+03
-1.1e+03
-1.08e+03
-1.04e+03
-992
-957
-912
-816
-705
-581
-449
-304
-153
0
156
307
452
587
708
819
915
1.02e+03
1.05e+03
1.09e+03
1.11e+03
1.12e+03
1.11e+03
1.08e+03
1.06e+03
1.02e+03
971
923
879
836
803
776
760
787
760
776
803
836
880
924
972
1.02e+03
1.06e+03
1.09e+03
1.11e+03
1.12e+03
1.12e+03
1.09e+03
1.05e+03
1.02e+03
919
823
712
588
455
308
156
0
-153
-304
-452
-585
-709
-820
-916
-961
-996
-1.05e+03
-1.08e+03
-1.11e+03
-1.12e+03
-1.12e+03
-1.11e+03
-1.09e+03
-1.07e+03
-1.04e+03
-1.01e+03
-977
-945
-912
-881
-885
-828
-801
-781
-765
-753
-745
-740
-737
-740
-745
-753
-765
-781
-801
-828
-885
-881
-912
-945
-977
-1.01e+03
-1.04e+03
-1.07e+03
-1.09e+03
-1.11e+03
-1.12e+03
-1.11e+03
-1.1e+03
-1.08e+03
-1.04e+03
-992
-900
-857
-772
-677
-572
-456
-333
-208
-77
55
188
319
444
568
684
792
924
984
1.06e+03
1.13e+03
1.19e+03
1.23e+03
1.26e+03
1.28e+03
1.29e+03
1.28e+03
1.26e+03
1.23e+03
1.18e+03
1.13e+03
1.06e+03
980
860
735
636
535
431
324
215
108
-1
-109
-216
-325
-432
-536
-637
-736
-861
-981
-1.06e+03
-1.13e+03
-1.19e+03
-1.23e+03
-1.26e+03
-1.28e+03
-1.29e+03
-1.28e+03
-1.26e+03
-1.23e+03
-1.19e+03
-1.13e+03
-1.06e+03
-981
-921
-789
-681
-565
-441
-316
-185
-52
80
211
336
459
575
680
775
860
903
995
1.04e+03
1.08e+03
1.1e+03
1.12e+03
1.12e+03
1.11e+03
1.1e+03
1.07e+03
1.04e+03
1.02e+03
980
948
915
884
828
776
763
756
759
767
780
799
820
844
868
891
912
931
944
955
928
900
900
900
900
900
903
903
903
903
903
903
903
903
904
904
932
959
948
935
916
895
872
848
824
803
784
771
763
760
767
780
831
887
916
951
984
1.02e+03
1.05e+03
1.08e+03
1.1e+03
1.12e+03
1.12e+03
1.12e+03
1.11e+03
1.08e+03
1.05e+03
999
907
864
779
683
576
460
339
212
83
-52
-185
-316
-441
-565
-681
-789
-921
-981
-1.06e+03
-1.13e+03
-1.19e+03
-1.23e+03
-1.26e+03
-1.28e+03
-1.29e+03
-1.28e+03
-1.26e+03
-1.23e+03
-1.18e+03
-1.12e+03
-1.06e+03
-977
-917
-785
-677
-561
-437
-312
-181
-48
84
215
340
463
579
684
779
864
907
996
1.05e+03
1.08e+03
1.11e+03
1.12e+03
1.12e+03
1.12e+03
1.1e+03
1.07e+03
1.05e+03
1.02e+03
984
952
919
888
892
835
808
788
772
760
752
747
744
747
752
760
771
787
808
832
891
887
919
952
984
1.02e+03
1.05e+03
1.08e+03
1.1e+03
1.12e+03
1.12e+03
1.12e+03
1.11e+03
1.08e+03
1.05e+03
999
964
919
820
711
587
452
307
156
0
-153
-304
-449
-584
-708
-817
-916
-961
-996
-1.05e+03
-1.08e+03
-1.11e+03
-1.12e+03
-1.12e+03
-1.11e+03
-1.1e+03
-1.07e+03
-1.05e+03
-1.02e+03
-981
-949
-916
-885
-829
-777
-761
-756
-757
-765
-780
-797
-820
-844
-865
-888
-909
-928
-941
-952
-925
-897
-897
-897
-897
-897
-900
-900
-900
-900
-900
-900
-900
-900
-901
-901
-872
-901
-901
-901
-901
-901
-901
-901
-901
-901
-901
-901
-901
-901
-901
-901
-929
-956
-945
-929
-913
-892
-869
-845
-821
-797
-781
-768
-760
-757
-764
-777
-772
-833
-873
-920
-972
-1.02e+03
-1.08e+03
-1.13e+03
-1.18e+03
-1.21e+03
-1.24e+03
-1.25e+03
-1.25e+03
-1.23e+03
-1.19e+03
-1.12e+03
-1.01e+03
-929
-805
-664
-505
-337
-160
16
195
364
524
668
792
892
964
1.01e+03
999
959
923
863
779
676
556
423
275
120
-41
-201
-361
-520
-665
-805
-904
-1.05e+03
-1.16e+03
-1.24e+03
-1.32e+03
-1.37e+03
-1.41e+03
-1.44e+03
-1.45e+03
-1.44e+03
-1.41e+03
-1.37e+03
-1.31e+03
-1.24e+03
-1.15e+03
-1.05e+03
-900
-801
-661
-516
-357
-197
-37
123
275
423
556
676
776
859
919
955
995
1.01e+03
960
888
788
664
520
363
192
15
-161
-340
-505
-664
-805
-929
-1.01e+03
-1.12e+03
-1.19e+03
-1.23e+03
-1.25e+03
-1.25e+03
-1.24e+03
-1.21e+03
-1.18e+03
-1.13e+03
-1.08e+03
-1.02e+03
-972
-920
-873
-833
-772
-777
-764
-757
-760
-768
-781
-800
-821
-845
-869
-892
-913
-932
-945
-956
-929
-901
-901
-901
-901
-901
-901
-901
-901
-901
-901
-901
-901
-901
-901
-901
-872
-901
-901
-901
-901
-901
-901
-901
-901
-901
-901
-901
-901
-901
-901
-901
-929
-956
-945
-932
-913
-892
-869
-845
-821
-800
-781
-768
-760
-757
-764
-777
-772
-833
-873
-920
-972
-1.02e+03
-1.08e+03
-1.13e+03
-1.18e+03
-1.21e+03
-1.24e+03
-1.25e+03
-1.25e+03
-1.23e+03
-1.19e+03
-1.12e+03
-1.06e+03
-981
-849
-692
-517
-329
-132
72
272
464
643
800
931
1.03e+03
1.1e+03
1.13e+03
1.1e+03
1.02e+03
948
840
708
555
380
195
0
-192
-376
-549
-705
-837
-945
-1.02e+03
-1.03e+03
-1.08e+03
-1.06e+03
-1e+03
-917
-808
-673
-520
-352
-173
11
192
372
547
708
859
960
1.05e+03
1.16e+03
1.24e+03
1.32e+03
1.38e+03
1.42e+03
1.44e+03
1.45e+03
1.44e+03
1.42e+03
1.38e+03
1.32e+03
1.25e+03
1.16e+03
1.06e+03
964
863
712
551
376
196
11
-173
-352
-520
-673
-809
-921
-1.01e+03
-1.06e+03
-1.08e+03
-1.04e+03
-1.02e+03
-949
-841
-709
-553
-380
-192
0
195
380
555
712
844
952
1.03e+03
1.1e+03
1.14e+03
1.1e+03
1.04e+03
935
804
647
468
275
75
-129
-328
-516
-689
-849
-981
-1.06e+03
-1.12e+03
-1.19e+03
-1.23e+03
-1.25e+03
-1.25e+03
-1.24e+03
-1.21e+03
-1.18e+03
-1.13e+03
-1.08e+03
-1.02e+03
-972
-920
-873
-833
-772
-776
-764
-756
-757
-765
-780
-797
-820
-844
-868
-889
-912
-928
-941
-952
-925
-897
-897
-897
-897
-897
-897
-897
-897
-897
-897
-897
-897
-897
-897
-897
-868
-897
-897
-900
-900
-900
-900
-900
-900
-900
-900
-900
-901
-901
-901
-901
-872
-901
-901
-901
-901
-900
-900
-900
-900
-900
-897
-897
-897
-897
-897
-897
-925
-952
-941
-928
-909
-888
-868
-844
-820
-797
-780
-765
-760
-757
-764
-777
-772
-833
-873
-920
-972
-1.02e+03
-1.08e+03
-1.13e+03
-1.17e+03
-1.21e+03
-1.24e+03
-1.25e+03
-1.25e+03
-1.22e+03
-1.18e+03
-1.12e+03
-1.06e+03
-977
-845
-688
-513
-325
-129
75
275
467
644
800
931
1.03e+03
1.1e+03
1.13e+03
1.1e+03
1.02e+03
948
840
708
552
379
195
0
-192
-377
-549
-705
-837
-945
-1.02e+03
-1.09e+03
-1.13e+03
-1.1e+03
-1.03e+03
-928
-797
-640
-464
-272
-72
132
331
519
691
848
980
1.06e+03
1.12e+03
1.18e+03
1.23e+03
1.25e+03
1.25e+03
1.24e+03
1.21e+03
1.18e+03
1.13e+03
1.08e+03
1.02e+03
971
919
872
832
828
831
804
784
771
759
751
744
743
744
751
760
772
788
808
835
892
888
919
952
983
1.02e+03
1.05e+03
1.07e+03
1.1e+03
1.11e+03
1.12e+03
1.12e+03
1.1e+03
1.08e+03
1.04e+03
995
960
915
819
708
584
451
304
155
0
-153
-304
-449
-584
-705
-816
-912
-1.02e+03
-1.05e+03
-1.09e+03
-1.11e+03
-1.11e+03
-1.1e+03
-1.08e+03
-1.05e+03
-1.01e+03
-968
-920
-876
-833
-800
-773
-757
-784
-757
-773
-800
-833
-876
-920
-968
-1.01e+03
-1.05e+03
-1.08e+03
-1.1e+03
-1.11e+03
-1.11e+03
-1.09e+03
-1.05e+03
-957
-857
-772
-677
-572
-456
-333
-208
-77
55
188
319
444
568
684
791
924
983
1.06e+03
1.13e+03
1.19e+03
1.23e+03
1.26e+03
1.28e+03
1.29e+03
1.28e+03
1.26e+03
1.23e+03
1.19e+03
1.13e+03
1.06e+03
984
924
792
684
568
444
316
187
52
-80
-212
-337
-460
-576
-681
-776
-861
-904
-996
-1.05e+03
-1.08e+03
-1.1e+03
-1.12e+03
-1.12e+03
-1.11e+03
-1.09e+03
-1.07e+03
-1.04e+03
-1.01e+03
-977
-945
-912
-881
-885
-828
-801
-781
-765
-753
-745
-741
-740
-741
-748
-756
-768
-785
-805
-832
-889
-885
-916
-949
-981
-1.02e+03
-1.04e+03
-1.07e+03
-1.09e+03
-1.11e+03
-1.12e+03
-1.12e+03
-1.1e+03
-1.08e+03
-1.04e+03
-992
-900
-857
-772
-677
-572
-456
-333
-208
-77
55
188
319
444
568
684
791
923
983
1.06e+03
1.13e+03
1.19e+03
1.23e+03
1.26e+03
1.28e+03
1.29e+03
1.28e+03
1.26e+03
1.23e+03
1.19e+03
1.13e+03
1.06e+03
984
864
739
640
539
435
328
216
111
0
-109
-216
-325
-432
-536
-637
-736
-861
-981
-1.06e+03
-1.13e+03
-1.18e+03
-1.23e+03
-1.26e+03
-1.28e+03
-1.29e+03
-1.28e+03
-1.26e+03
-1.23e+03
-1.18e+03
-1.12e+03
-1.06e+03
-977
-857
-732
-633
-532
-428
-321
-212
-108
0
111
216
327
431
535
636
735
860
980
1.06e+03
1.13e+03
1.18e+03
1.23e+03
1.26e+03
1.28e+03
1.29e+03
1.28e+03
1.26e+03
1.23e+03
1.18e+03
1.13e+03
1.06e+03
980
860
735
636
535
431
324
215
108
-1
-109
-216
-325
-432
-536
-637
-736
-861
-981
-1.06e+03
-1.13e+03
-1.18e+03
-1.23e+03
-1.26e+03
-1.28e+03
-1.29e+03
-1.28e+03
-1.26e+03
-1.23e+03
-1.18e+03
-1.12e+03
-1.06e+03
-977
-917
-785
-677
-561
-437
-312
-181
-48
84
215
340
463
579
684
779
864
964
1.05e+03
1.09e+03
1.11e+03
1.12e+03
1.11e+03
1.09e+03
1.06e+03
1.02e+03
971
923
879
836
803
776
760
728
708
735
775
824
888
955
1.02e+03
1.1e+03
1.16e+03
1.21e+03
1.24e+03
1.26e+03
1.26e+03
1.23e+03
1.18e+03
1.12e+03
984
852
695
520
332
135
-69
-269
-461
-640
-797
-928
-1.03e+03
-1.1e+03
-1.13e+03
-1.09e+03
-1.02e+03
-945
-840
-708
-552
-377
-192
0
192
379
552
708
840
948
1.02e+03
1.04e+03
1.08e+03
1.06e+03
1e+03
920
811
676
523
355
176
-5
-189
-369
-544
-705
-856
-957
-1.05e+03
-1.15e+03
-1.24e+03
-1.31e+03
-1.37e+03
-1.41e+03
-1.44e+03
-1.45e+03
-1.44e+03
-1.41e+03
-1.37e+03
-1.32e+03
-1.24e+03
-1.16e+03
-1.05e+03
-961
-860
-709
-548
-373
-193
-9
176
355
523
676
812
923
1.01e+03
1.06e+03
1.08e+03
1.1e+03
1.08e+03
995
875
724
547
348
139
-80
-293
-500
-688
-852
-985
-1.09e+03
-1.15e+03
-1.2e+03
-1.2e+03
-1.13e+03
-1.02e+03
-865
-680
-468
-240
-1
239
467
679
864
1.02e+03
1.13e+03
1.2e+03
1.26e+03
1.2e+03
1.13e+03
1.02e+03
867
680
468
240
0
-236
-465
-676
-861
-1.01e+03
-1.13e+03
-1.2e+03
-1.25e+03
-1.2e+03
-1.13e+03
-1.01e+03
-861
-676
-464
-237
0
240
468
680
864
1.02e+03
1.13e+03
1.2e+03
1.26e+03
1.2e+03
1.13e+03
1.02e+03
864
679
467
239
-1
-240
-468
-680
-865
-1.02e+03
-1.13e+03
-1.2e+03
-1.19e+03
-1.15e+03
-1.09e+03
-988
-853
-689
-501
-296
-81
135
344
543
720
871
991
1.08e+03
1.16e+03
1.13e+03
1.1e+03
1.03e+03
931
803
644
467
275
75
-128
-325
-513
-688
-845
-977
-1.06e+03
-1.12e+03
-1.18e+03
-1.22e+03
-1.25e+03
-1.25e+03
-1.24e+03
-1.21e+03
-1.17e+03
-1.13e+03
-1.08e+03
-1.02e+03
-969
-917
-872
-833
-829
-832
-805
-785
-769
-757
-749
-744
-741
-744
-749
-757
-769
-785
-805
-832
-829
-833
-872
-917
-969
-1.02e+03
-1.08e+03
-1.13e+03
-1.17e+03
-1.21e+03
-1.24e+03
-1.25e+03
-1.25e+03
-1.22e+03
-1.18e+03
-1.12e+03
