001100000000
000100111011
111011111111
110011100011
101101010000
101011001111
101100110000
110001001011
110111101011
111110011000
000101000111
001011100100
010001001011
010100111011
010101010111
010001010000
001000000111
111110001100
110101100000
110001001000
110010101000
111001100000
000011001100
001100101000
010011011111
010110100011
010101100011
010000011100
001000100100
111101010100
110011011011
101111001100
110010011100
111101111000
001010110011
010001111100
001111011100
000100100111
110111100011
101111010000
101111111011
111000110011
000101001100
001111011011
010011101011
010010000111
001101111011
001011000111
001100100011
001111001000
010001010100
010000011000
001010101000
000011010100
111011001000
110011101111
101110011100
101100000011
101100110111
110000110000
110111001111
111111010000
000111001111
001101100000
010000111100
010001011000
001111111011
001101111011
001011111000
001100100011
001110000000
001110111111
001110100111
001101010000
001100000000
001100001011
001110110100
010000110000
010001011100
001111100100
001011000111
000010011100
111001000011
110001110011
101110101111
101111100100
110010010111
110100001011
110011100000
110000110111
101110101100
101111101000
110101011000
111100101111
000100111100
001100011000
010001001100
010100111111
010101011000
010001010011
001000001000
111110001011
110101011111
110001000111
110010001000
111010010111
000101010100
001110100111
010011101100
010010001000
001101111100
001011001000
001100101000
001111001111
010001010111
010000011100
001011001000
000010011100
111001000000
110001110011
101111001011
101110101011
110000001100
110010001011
110011101111
110100011000
110100001111
110011000100
110001101100
101110011100
101100011111
101110100100
110101101100
000000010100
001010011100
001111110100
001101111011
000101101111
111010101111
110001011111
101100011011
101101111100
110010001011
110100111111
110011111111
101111111111
101100100100
101101101011
110101001100
000001001011
001100100011
010001110000
001101001100
000011000011
110111010111
110000000011
101111110111
111000101111
000101001011
001111011000
010011001100
010011000000
010000000100
001101000100
001100010111
001011101100
001011111000
001101000000
001110110111
010000110011
010001011100
001111100011
001010100111
000011010011
111011001000
110011101111
101110011100
101100000100
101100110111
110000110000
110111101100
111110010111
000101000111
001011100100
010001001111
010100111100
010101011000
010001010011
001000000111
111110001011
110101011111
110001000100
110010100111
111001011111
000011001111
001100101000
010011111100
010101101011
010011011000
001110011100
001000110011
000000110111
111000111000
110010100111
101111001011
101110101111
110000001111
110010001100
110100001111
110011100100
110010000111
110001001000
110001100000
110010110111
110100000100
110011111011
110001101100
101110011000
101100011100
101110100000
110101101011
000000010011
001010011100
001111110011
001101111100
000101101100
111010101111
110001011111
101100110111
101101000011
110000000000
110010111111
110100001100
110011100011
110010000111
110001001000
110001111111
110001111100
110001111100
110001111011
110001111000
110001111011
110001111000
110001111011
110001111011
110001111011
110001111011
110001111011
110001011100
110010110011
110100000000
110011110111
110001001100
101111010000
101110100011
110000011100
110101010111
111100101111
000100111111
001100011000
010001101011
010100000100
010011010000
001111011000
001000011011
000001101100
111010111111
110100100000
101110011011
101011111111
101100110011
110000101100
110111001111
111111001100
000111001100
001101011111
010000111100
010001011011
001111111011
001101111000
001100010011
001011101000
001011110111
001100111100
001110010111
010001101000
010011100011
010001011111
001010011011
111111110000
110101101011
110000010100
110010001011
111010011000
000101010011
001110100011
010011101000
010010000100
001101111011
001011001011
001100100100
001111001011
010001010100
010000011000
001010101000
000011010011
111011001000
110011101111
101110011111
101100000011
101100110100
110000101100
110111101000
111110010011
000101000011
001011100000
010001001100
010100111011
010101010111
010001010011
001000001000
111110001111
110101011111
110001000111
110010001000
111010010011
000101010011
001110100000
010011101000
010010000100
001101111011
001011001000
001100001000
010000000100
010011011100
010010010100
001010010111
111111110000
110101101000
110000010100
110010101000
111001100000
000011001111
001100101000
010011011111
010110100000
010101011111
010000011100
001000000111
111110001011
110101011111
110001000111
110010100111
111001011100
000011001011
001100100111
010011011100
010110100000
010101100000
010000011111
001000001000
111110001100
110101100000
110001000111
110010100111
111001011111
000011001100
001100101000
010011111100
010101101011
010011011000
001110011111
001000110100
000000110111
111000110111
110010101000
101110101111
101111100111
110010010111
110100001011
110011100011
110000111011
101110101111
101111101100
110101011011
111100110000
000100111100
001100011000
010001001100
010100111100
010101011000
010001010100
001000001000
111110001011
110101011111
110001000111
110010100111
111001011100
000011001100
001100100100
010011011100
010110100000
010101011111
010000011100
001000100011
111101010000
110011010100
101111001000
110010111000
111101000000
001000101100
010000000011
001111110000
001000001100
111101000100
110010101000
101100100111
101001100100
101010100100
101111100111
110111111100
000001111011
001010100111
001110111111
001101111011
000101101100
111010110000
110001011111
101100011000
101101111100
110010001011
110100111100
110011011100
110000110111
101110101100
101111101000
110101011000
111100101111
000100111100
001100011000
010001101011
010100000100
010011010000
001111010100
001000011011
000001110000
111010111111
110100100011
101110011111
101100000011
101100110111
110000110000
110111101100
111110011000
000101000111
001011100011
010001001100
010100111100
010101011000
010001010100
001000001000
111110001011
110101011111
110001000100
110010100111
111001011100
000011001011
001100100100
010011111000
010101101000
010011011011
001110100011
001000110111
000000111000
111000110111
110010100100
101110101000
101111100000
110010010000
110100000100
110011111100
101111111111
101100101000
101101101111
110101101100
000000010011
001010011011
001111101111
001101011100
000110100011
111100110111
110011011100
101100100100
101001100000
101010100011
101111100100
110111111011
000001111000
001010100100
001110111011
001101111000
000101101011
111010101111
110001100000
101100110111
101101000100
110000000000
110011000000
110011101111
110100011011
110100001100
110011000011
110001101011
101110010111
101100011100
101110100000
110101001100
000001001011
001100100100
010001101111
001101001111
000011000011
110111011000
110000000000
101111110100
111000101111
000101001000
001111010111
010011101000
010010000111
001101111011
001011000111
001100001011
010000000100
010011011111
010010011000
001010011000
111111110000
110101101000
110000010011
110010001000
111010010111
000101010100
001110100111
010011101100
010010001000
001101111100
001011001000
001100000111
010000000111
010011011111
010010010111
001010110111
111110111000
110011100011
101110010100
110010110100
111101000000
001000101000
010000000000
001111101100
001000001000
111101000000
110010100111
101100000111
101010011011
101100101011
110001100000
110111101011
111110010011
000101000011
001011100011
010001001011
010100111000
010101010011
010001010000
001000100011
111101010011
110011010111
101111001011
110010110111
111101000000
001000101000
010000000000
001111101111
001000001011
111101000000
110010100111
101100001000
101010010111
101100100111
110001100000
110111001100
111111001111
000111001111
001101100000
010001011011
010000100000
001101101111
001011111011
001100100011
001111001011
010001010111
010000011100
001010101011
000011010100
111011000111
110011101011
101110011011
101100000000
101100110100
110000101111
110111101111
111110010111
000101001000
001011100100
010001101011
010100000100
010011010000
001111010111
001000110111
000000110111
111000111000
110010100111
101111001011
101110101100
110000001111
110010001111
110011110011
110100011100
110100001011
110011000011
110001101000
101110010111
101100011100
101110100011
110101101000
000000010011
001010011011
001111110000
001101011011
000110100011
111100110100
110011011011
101100100100
101001100011
101010100100
101111101011
110111100000
000010110000
001100101011
010000111000
001101001011
000010111111
110111010111
110000000000
101111111000
111000101111
000101001011
001111011000
010011001111
010011000000
010000000011
001101000100
001100010100
001011101011
001011110111
001101000011
001110011011
010001101111
010011101000
010001100100
001010011011
111111110011
110101101000
110000010000
110010001000
111010010111
000101010011
001110100111
010011001111
010011000000
010000000100
001101000100
001100010100
001011101000
001011110111
001100111111
001110110100
010000110011
010001100000
001111100111
001010101011
000011011000
111011001000
110011101111
101110111000
