948
908
848
771
676
567
447
316
176
35
-112
-260
-401
-540
-672
-796
-941
-1.04e+03
-1.13e+03
-1.2e+03
-1.26e+03
-1.3e+03
-1.32e+03
-1.33e+03
-1.33e+03
-1.31e+03
-1.28e+03
-1.23e+03
-1.18e+03
-1.11e+03
-1.04e+03
-949
-829
-733
-636
-533
-428
-320
-213
-104
3
111
219
327
432
536
639
739
807
928
1.02e+03
1.1e+03
1.18e+03
1.24e+03
1.3e+03
1.34e+03
1.37e+03
1.38e+03
1.38e+03
1.36e+03
1.33e+03
1.27e+03
1.2e+03
1.1e+03
963
807
667
519
363
204
43
-117
-272
-417
-553
-672
-776
-857
-916
-952
-933
-953
-916
-856
-776
-673
-552
-417
-272
-116
44
204
367
520
668
808
907
1.05e+03
1.16e+03
1.25e+03
1.32e+03
1.38e+03
1.42e+03
1.44e+03
1.45e+03
1.44e+03
1.42e+03
1.38e+03
1.32e+03
1.25e+03
1.16e+03
1.05e+03
964
860
711
548
376
195
12
-172
-349
-517
-673
-808
-917
-1e+03
-1.06e+03
-1.08e+03
-1.09e+03
-1.07e+03
-988
-869
-717
-541
-345
-133
83
296
500
688
855
988
1.09e+03
1.15e+03
1.14e+03
1.15e+03
1.09e+03
988
852
688
503
296
83
-136
-345
-544
-717
-869
-989
-1.08e+03
-1.15e+03
-1.13e+03
-1.1e+03
-1.03e+03
-928
-796
-640
-464
-272
-69
132
332
520
695
851
984
1.12e+03
1.18e+03
1.23e+03
1.26e+03
1.26e+03
1.24e+03
1.21e+03
1.16e+03
1.1e+03
1.03e+03
956
888
827
776
732
711
728
763
779
803
839
879
924
971
1.02e+03
1.05e+03
1.09e+03
1.11e+03
1.12e+03
1.11e+03
1.09e+03
1.05e+03
963
863
776
683
576
460
339
212
83
-52
-184
-312
-440
-561
-677
-788
-917
-977
-1.06e+03
-1.13e+03
-1.18e+03
-1.23e+03
-1.26e+03
-1.28e+03
-1.29e+03
-1.28e+03
-1.26e+03
-1.23e+03
-1.18e+03
-1.12e+03
-1.06e+03
-977
-917
-785
-677
-561
-440
-313
-180
-49
84
215
340
463
575
683
780
863
907
999
1.05e+03
1.08e+03
1.11e+03
1.12e+03
1.12e+03
1.11e+03
1.1e+03
1.08e+03
1.05e+03
1.02e+03
984
951
919
888
832
780
767
760
760
771
783
803
824
848
871
896
916
935
948
956
991
956
947
935
916
895
872
847
823
800
783
768
760
759
763
776
828
887
916
948
980
1.02e+03
1.04e+03
1.07e+03
1.1e+03
1.11e+03
1.12e+03
1.12e+03
1.11e+03
1.08e+03
1.04e+03
995
963
915
820
711
588
451
308
155
0
-152
-305
-448
-585
-708
-817
-909
-1.02e+03
-1.05e+03
-1.09e+03
-1.11e+03
-1.11e+03
-1.11e+03
-1.08e+03
-1.05e+03
-1.01e+03
-965
-921
-876
-836
-800
-776
-760
-785
-760
-776
-801
-836
-876
-921
-969
-1.01e+03
-1.05e+03
-1.08e+03
-1.11e+03
-1.11e+03
-1.11e+03
-1.09e+03
-1.05e+03
-960
-860
-776
-677
-572
-460
-337
-208
-77
55
184
316
443
567
680
791
864
931
1.02e+03
1.1e+03
1.18e+03
1.24e+03
1.3e+03
1.34e+03
1.37e+03
1.38e+03
1.39e+03
1.37e+03
1.33e+03
1.28e+03
1.2e+03
1.1e+03
964
808
668
520
364
204
43
-117
-273
-420
-553
-673
-776
-857
-917
-956
-996
-1.01e+03
-961
-888
-788
-664
-520
-364
-192
-13
164
340
507
667
808
932
1.07e+03
1.18e+03
1.23e+03
1.26e+03
1.26e+03
1.24e+03
1.21e+03
1.16e+03
1.1e+03
1.03e+03
960
891
828
779
739
711
731
764
780
804
839
880
927
971
1.02e+03
1.06e+03
1.09e+03
1.11e+03
1.12e+03
1.11e+03
1.09e+03
1.05e+03
1.02e+03
916
823
708
587
451
307
159
4
-153
-301
-445
-581
-708
-816
-909
-957
-992
-1.04e+03
-1.08e+03
-1.1e+03
-1.11e+03
-1.12e+03
-1.11e+03
-1.09e+03
-1.07e+03
-1.04e+03
-1.01e+03
-981
-948
-916
-884
-888
-829
-805
-784
-769
-756
-745
-744
-740
-741
-745
-756
-768
-784
-805
-828
-825
-829
-869
-917
-969
-1.02e+03
-1.08e+03
-1.13e+03
-1.17e+03
-1.21e+03
-1.24e+03
-1.25e+03
-1.25e+03
-1.23e+03
-1.18e+03
-1.12e+03
-1e+03
-925
-804
-660
-504
-333
-160
19
195
367
524
668
792
891
967
1.01e+03
1.06e+03
1.01e+03
964
891
791
667
523
364
195
19
-161
-337
-504
-661
-805
-928
-1.06e+03
-1.17e+03
-1.23e+03
-1.25e+03
-1.26e+03
-1.24e+03
-1.21e+03
-1.15e+03
-1.09e+03
-1.03e+03
-953
-885
-824
-769
-732
-705
-668
-705
-733
-772
-824
-885
-956
-1.02e+03
-1.09e+03
-1.16e+03
-1.21e+03
-1.24e+03
-1.26e+03
-1.26e+03
-1.23e+03
-1.17e+03
-1.12e+03
-981
-849
-692
-516
-328
-129
75
276
468
644
804
935
1.04e+03
1.1e+03
1.14e+03
1.1e+03
1.03e+03
948
844
711
556
380
196
0
-189
-377
-552
-708
-841
-945
-1.02e+03
-1.09e+03
-1.13e+03
-1.1e+03
-1.03e+03
-929
-797
-641
-464
-273
-72
131
331
520
695
848
987
1.06e+03
1.12e+03
1.19e+03
1.23e+03
1.25e+03
1.26e+03
1.24e+03
1.22e+03
1.18e+03
1.13e+03
1.08e+03
1.03e+03
972
920
876
835
831
832
808
788
772
759
752
747
743
747
752
760
772
788
808
835
891
888
919
948
984
1.02e+03
1.05e+03
1.07e+03
1.1e+03
1.11e+03
1.12e+03
1.12e+03
1.1e+03
1.08e+03
1.05e+03
996
904
859
776
680
576
460
339
212
83
-49
-181
-312
-437
-561
-676
-785
-920
-976
-1.06e+03
-1.12e+03
-1.18e+03
-1.23e+03
-1.26e+03
-1.28e+03
-1.29e+03
-1.28e+03
-1.26e+03
-1.23e+03
-1.18e+03
-1.13e+03
-1.06e+03
-977
-860
-733
-636
-532
-428
-321
-213
-105
0
111
220
324
432
536
640
739
803
931
1.02e+03
1.1e+03
1.18e+03
1.24e+03
1.3e+03
1.34e+03
1.37e+03
1.39e+03
1.38e+03
1.37e+03
1.33e+03
1.28e+03
1.2e+03
1.11e+03
967
807
668
519
367
207
43
-117
-273
-417
-553
-673
-776
-860
-917
-953
-937
-956
-917
-856
-776
-672
-553
-417
-272
-116
44
204
364
520
668
807
963
1.1e+03
1.2e+03
1.28e+03
1.33e+03
1.37e+03
1.38e+03
1.38e+03
1.37e+03
1.34e+03
1.3e+03
1.24e+03
1.18e+03
1.1e+03
1.02e+03
928
863
788
680
564
444
315
184
55
-77
-208
-336
-457
-572
-677
-773
-857
-901
-992
-1.04e+03
-1.08e+03
-1.1e+03
-1.11e+03
-1.12e+03
-1.11e+03
-1.09e+03
-1.07e+03
-1.04e+03
-1.01e+03
-977
-945
-913
-884
-828
-776
-761
-753
-756
-764
-777
-796
-820
-844
-865
-892
-912
-929
-944
-952
-985
-952
-941
-928
-912
-892
-865
-841
-820
-797
-780
-764
-753
-756
-760
-773
-768
-832
-872
-916
-968
-1.02e+03
-1.08e+03
-1.13e+03
-1.17e+03
-1.21e+03
-1.24e+03
-1.25e+03
-1.25e+03
-1.23e+03
-1.18e+03
-1.12e+03
-1e+03
-929
-804
-661
-505
-337
-160
16
195
364
524
667
791
891
964
1.01e+03
1.06e+03
1.01e+03
964
892
791
667
524
364
195
19
-161
-336
-504
-664
-804
-929
-1e+03
-1.12e+03
-1.18e+03
-1.23e+03
-1.25e+03
-1.25e+03
-1.24e+03
-1.21e+03
-1.17e+03
-1.13e+03
-1.08e+03
-1.02e+03
-969
-917
-872
-832
-769
-776
-764
-757
-757
-765
-777
-797
-820
-844
-865
-889
-912
-928
-944
-952
-928
-897
-900
-900
-901
-897
-900
-897
-900
-900
-901
-900
-901
-901
-901
-900
-872
-900
-901
-901
-901
-901
-900
-900
-900
-900
-901
-904
-900
-901
-901
-901
-868
-900
-901
-901
-901
-900
-901
-900
-900
-897
-901
-901
-901
-901
-901
-901
-929
-956
-944
-932
-913
-889
-868
-845
-820
-800
-780
-764
-757
-756
-764
-777
-828
-885
-913
-948
-981
-1.01e+03
-1.04e+03
-1.07e+03
-1.09e+03
-1.11e+03
-1.12e+03
-1.12e+03
-1.11e+03
-1.08e+03
-1.04e+03
-996
-901
-860
-776
-681
-572
-457
-337
-208
-77
55
184
316
444
564
684
792
923
983
1.06e+03
1.13e+03
1.19e+03
1.23e+03
1.26e+03
1.28e+03
1.29e+03
1.28e+03
1.26e+03
1.23e+03
1.19e+03
1.13e+03
1.06e+03
983
863
739
639
536
431
327
220
111
0
-108
-217
-324
-428
-533
-636
-736
-860
-980
-1.06e+03
-1.13e+03
-1.18e+03
-1.23e+03
-1.26e+03
-1.28e+03
-1.29e+03
-1.28e+03
-1.26e+03
-1.23e+03
-1.18e+03
-1.13e+03
-1.06e+03
-980
-920
-788
-680
-564
-440
-313
-184
-49
83
212
339
460
576
684
780
864
907
999
1.05e+03
1.08e+03
1.11e+03
1.12e+03
1.12e+03
1.12e+03
1.1e+03
1.08e+03
1.05e+03
1.02e+03
984
951
919
888
888
832
808
788
771
760
751
747
743
744
751
759
771
788
807
831
828
835
875
920
972
1.02e+03
1.08e+03
1.13e+03
1.18e+03
1.22e+03
1.24e+03
1.25e+03
1.25e+03
1.23e+03
1.18e+03
1.12e+03
1e+03
931
807
663
507
339
164
-13
-192
-360
-520
-664
-784
-885
-957
-1e+03
-1.05e+03
-1e+03
-960
-885
-785
-664
-520
-360
-192
-16
163
339
508
664
807
931
1.06e+03
1.17e+03
1.23e+03
1.26e+03
1.26e+03
1.24e+03
1.21e+03
1.16e+03
1.1e+03
1.03e+03
959
891
827
775
739
711
731
764
776
807
840
880
927
971
1.02e+03
1.06e+03
1.09e+03
1.11e+03
1.12e+03
1.11e+03
1.09e+03
1.05e+03
960
863
776
680
576
460
339
212
80
-52
-184
-312
-440
-561
-677
-788
-917
-977
-1.06e+03
-1.13e+03
-1.18e+03
-1.23e+03
-1.26e+03
-1.28e+03
-1.29e+03
-1.28e+03
-1.26e+03
-1.23e+03
-1.18e+03
-1.13e+03
-1.06e+03
-980
-861
-737
-636
-533
-432
-324
-216
-108
-1
108
216
324
431
536
639
736
803
928
1.02e+03
1.1e+03
1.18e+03
1.24e+03
1.3e+03
1.34e+03
1.37e+03
1.39e+03
1.38e+03
1.37e+03
1.33e+03
1.28e+03
1.2e+03
1.1e+03
963
808
668
520
364
207
44
-117
-272
-417
-553
-672
-776
-857
-917
-953
-993
-1.01e+03
-961
-888
-785
-664
-521
-364
-193
-16
163
336
507
664
807
931
1.06e+03
1.17e+03
1.23e+03
1.26e+03
1.26e+03
1.24e+03
1.21e+03
1.16e+03
1.1e+03
1.03e+03
960
891
828
775
736
711
671
712
736
776
828
891
956
1.03e+03
1.1e+03
1.16e+03
1.21e+03
1.24e+03
1.26e+03
1.26e+03
1.23e+03
1.17e+03
1.06e+03
931
807
664
507
340
163
-17
-192
-361
-520
-664
-785
-885
-960
-1.01e+03
-993
-952
-917
-856
-773
-673
-552
-417
-272
-117
44
204
364
520
668
808
907
1.05e+03
1.16e+03
1.25e+03
1.32e+03
1.38e+03
1.42e+03
1.44e+03
1.45e+03
1.44e+03
1.42e+03
1.37e+03
1.32e+03
1.24e+03
1.16e+03
1.05e+03
903
807
667
519
363
204
43
-117
-273
-417
-552
-673
-777
-857
-916
-953
-933
-953
-916
-857
-777
-673
-552
-417
-273
-117
43
204
363
519
667
807
904
1.05e+03
1.16e+03
1.25e+03
1.32e+03
1.38e+03
1.42e+03
1.44e+03
1.45e+03
1.44e+03
1.42e+03
1.38e+03
1.32e+03
1.24e+03
1.16e+03
1.06e+03
907
808
668
523
364
204
44
-116
-272
-417
-552
-672
-776
-856
-917
-952
-933
-952
-916
-856
-776
-673
-552
-417
-272
-116
43
204
367
523
667
808
967
1.1e+03
1.2e+03
1.27e+03
1.33e+03
1.37e+03
1.38e+03
1.38e+03
1.37e+03
1.34e+03
1.3e+03
1.24e+03
1.17e+03
1.1e+03
1.02e+03
927
860
791
680
564
443
315
187
55
-80
-208
-336
-457
-572
-680
-773
-857
-957
-1.05e+03
-1.09e+03
-1.11e+03
-1.11e+03
-1.1e+03
-1.08e+03
-1.05e+03
-1.01e+03
-968
-921
-877
-833
-800
-773
-760
-785
-760
-776
-800
-833
-877
-920
-965
-1.01e+03
-1.05e+03
-1.08e+03
-1.11e+03
-1.11e+03
-1.11e+03
-1.09e+03
-1.05e+03
-960
-860
-773
-677
-572
-457
-336
-209
-77
55
184
316
443
564
683
792
863
928
1.02e+03
1.1e+03
1.18e+03
1.24e+03
1.3e+03
1.34e+03
1.37e+03
1.39e+03
1.38e+03
1.36e+03
1.33e+03
1.28e+03
1.2e+03
1.11e+03
964
808
667
523
364
204
44
-117
-272
-417
-553
-673
-776
-857
-917
-953
-937
-953
-917
-860
-776
-673
-553
-417
-272
-117
43
204
363
519
667
807
903
1.05e+03
1.16e+03
1.24e+03
1.32e+03
1.38e+03
1.42e+03
1.44e+03
1.45e+03
1.44e+03
1.42e+03
1.38e+03
1.32e+03
1.24e+03
1.16e+03
1.05e+03
963
859
711
548
375
195
11
-173
-353
-520
-673
-809
-920
-1.01e+03
-1.06e+03
-1.08e+03
-1.04e+03
-1.02e+03
-948
-844
-708
-552
-377
-192
0
195
380
555
711
847
951
1.02e+03
1.04e+03
1.08e+03
1.06e+03
1.01e+03
923
815
676
524
356
176
-5
-192
-372
-545
-708
-856
-960
-1.05e+03
-1.15e+03
-1.24e+03
-1.31e+03
-1.37e+03
-1.41e+03
-1.44e+03
-1.45e+03
-1.44e+03
-1.41e+03
-1.37e+03
-1.31e+03
-1.24e+03
-1.15e+03
-1.05e+03
-900
-804
-664
-516
-360
-201
-40
120
276
420
556
676
780
863
923
956
999
1.01e+03
964
891
791
667
523
364
195
20
-161
-337
-505
-664
-804
-929
-1.06e+03
-1.17e+03
-1.23e+03
-1.26e+03
-1.26e+03
-1.24e+03
-1.21e+03
-1.16e+03
-1.1e+03
-1.03e+03
-956
-888
-824
-772
-733
-709
-728
-761
-777
-801
-836
-877
-921
-968
-1.01e+03
-1.05e+03
-1.09e+03
-1.11e+03
-1.12e+03
-1.11e+03
-1.09e+03
-1.05e+03
-961
-860
-776
-680
-573
-460
-337
-209
-80
55
184
316
444
564
684
792
923
984
1.06e+03
1.13e+03
1.19e+03
1.23e+03
1.26e+03
1.28e+03
1.29e+03
1.28e+03
1.26e+03
1.23e+03
1.19e+03
1.13e+03
1.06e+03
983
863
739
640
536
432
324
219
111
0
-105
-216
-324
-428
-532
-636
-736
-860
-977
-1.06e+03
-1.12e+03
-1.18e+03
-1.23e+03
-1.26e+03
-1.28e+03
-1.29e+03
-1.28e+03
-1.26e+03
-1.23e+03
-1.18e+03
-1.12e+03
-1.06e+03
-977
-860
-736
-636
-532
-428
-324
-216
-105
0
111
219
324
432
536
640
739
803
928
1.02e+03
1.1e+03
1.18e+03
1.24e+03
1.3e+03
1.34e+03
1.37e+03
1.39e+03
1.38e+03
1.36e+03
1.33e+03
1.28e+03
1.2e+03
1.11e+03
964
811
668
520
367
204
43
-117
-272
-417
-552
-673
-777
-857
-917
-953
-936
-953
-920
-860
-777
-673
-556
-420
-273
-117
43
203
363
519
667
804
963
1.1e+03
1.2e+03
1.27e+03
1.33e+03
1.37e+03
1.38e+03
1.38e+03
1.37e+03
1.34e+03
1.3e+03
1.24e+03
1.18e+03
1.1e+03
1.02e+03
928
864
791
683
567
444
316
184
55
-80
-208
-336
-457
-573
-680
-776
-860
-960
-1.05e+03
-1.09e+03
-1.11e+03
-1.12e+03
-1.11e+03
-1.09e+03
-1.06e+03
-1.02e+03
-969
-924
-880
-836
-804
-776
-760
-729
-708
-733
-773
-824
-888
-953
-1.02e+03
-1.09e+03
-1.15e+03
-1.21e+03
-1.24e+03
-1.26e+03
-1.25e+03
-1.23e+03
-1.17e+03
-1.06e+03
-925
-804
-660
-505
-337
-160
16
195
364
524
668
788
888
963
1.01e+03
996
956
919
859
779
676
555
420
275
119
-40
-201
-364
-517
-665
-805
-901
-1.05e+03
-1.15e+03
-1.24e+03
-1.32e+03
-1.37e+03
-1.41e+03
-1.44e+03
-1.45e+03
-1.44e+03
-1.41e+03
-1.37e+03
-1.32e+03
-1.24e+03
-1.15e+03
-1.05e+03
-901
-804
-665
-517
-361
-200
-41
120
272
420
556
675
779
859
919
955
995
1.01e+03
963
888
788
664
523
364
195
19
-161
-336
-505
-664
-804
-928
-1e+03
-1.12e+03
-1.18e+03
-1.23e+03
-1.25e+03
-1.25e+03
-1.24e+03
-1.21e+03
-1.18e+03
-1.13e+03
-1.08e+03
-1.02e+03
-969
-917
-872
-833
-828
-829
-805
-785
-768
-756
-748
-744
-740
-741
-748
-756
-768
-784
-805
-829
-829
-832
-873
-917
-968
-1.02e+03
-1.08e+03
-1.13e+03
-1.17e+03
-1.21e+03
-1.24e+03
-1.25e+03
-1.25e+03
-1.23e+03
-1.18e+03
-1.12e+03
-1.06e+03
-981
-848
-692
-516
-325
-129
75
276
468
644
803
932
1.04e+03
1.1e+03
1.14e+03
1.1e+03
1.03e+03
951
844
712
555
383
195
0
-192
-377
-552
-708
-841
-945
-1.02e+03
-1.09e+03
-1.13e+03
-1.1e+03
-1.03e+03
-929
-800
-641
-465
-273
-72
128
331
516
692
848
984
1.12e+03
1.18e+03
1.23e+03
1.26e+03
1.26e+03
1.24e+03
1.21e+03
1.16e+03
1.1e+03
1.03e+03
959
891
828
775
736
711
671
712
736
776
831
891
959
1.03e+03
1.1e+03
1.16e+03
1.21e+03
1.25e+03
1.26e+03
1.26e+03
1.23e+03
1.18e+03
1.07e+03
931
808
664
508
340
163
-13
-192
-361
-521
-664
-788
-888
-961
-1.01e+03
-1.05e+03
-1.01e+03
-961
-888
-788
-664
-520
-364
-192
-13
164
340
507
667
808
932
1.07e+03
1.18e+03
1.23e+03
1.26e+03
1.26e+03
1.25e+03
1.21e+03
1.16e+03
1.1e+03
1.03e+03
959
891
828
779
736
711
672
712
736
775
828
891
959
1.03e+03
1.1e+03
1.16e+03
1.21e+03
1.24e+03
1.26e+03
1.26e+03
1.23e+03
1.18e+03
1.12e+03
984
851
695
520
332
131
-72
-272
-464
-640
-800
-929
-1.03e+03
-1.1e+03
-1.13e+03
-1.09e+03
-1.02e+03
-948
-840
-708
-552
-377
-192
3
192
380
552
711
844
948
1.02e+03
1.04e+03
1.08e+03
1.06e+03
1e+03
923
812
676
520
352
176
-8
-193
-372
-545
-708
-857
-1.02e+03
-1.1e+03
-1.2e+03
-1.27e+03
-1.33e+03
-1.36e+03
-1.38e+03
-1.38e+03
-1.37e+03
-1.34e+03
-1.29e+03
-1.24e+03
-1.17e+03
-1.1e+03
-1.01e+03
-925
-804
-736
-636
-536
-429
-321
-216
-108
3
108
216
324
432
535
639
736
804
927
1.02e+03
1.1e+03
1.17e+03
1.24e+03
1.3e+03
1.34e+03
1.37e+03
1.38e+03
1.38e+03
1.36e+03
1.33e+03
1.27e+03
1.2e+03
1.1e+03
1.02e+03
859
711
548
375
195
8
-176
-352
-520
-676
-808
-920
-1e+03
-1.06e+03
-1.08e+03
-1.04e+03
-1.02e+03
-948
-840
-709
-553
-377
-192
3
195
380
555
711
843
951
1.02e+03
1.04e+03
1.08e+03
1.06e+03
1e+03
923
811
676
523
352
176
-5
-192
-372
-545
-709
-856
-1.02e+03
-1.1e+03
-1.2e+03
-1.27e+03
-1.33e+03
-1.37e+03
-1.38e+03
-1.38e+03
-1.37e+03
-1.34e+03
-1.29e+03
-1.24e+03
-1.17e+03
-1.1e+03
-1.02e+03
-928
-860
-789
-680
-561
-440
-312
-184
-52
80
212
340
463
576
683
779
863
964
1.05e+03
1.09e+03
1.12e+03
1.12e+03
1.11e+03
1.09e+03
1.06e+03
1.02e+03
971
924
880
839
803
776
760
788
763
776
804
839
879
924
972
1.02e+03
1.06e+03
1.09e+03
1.11e+03
1.12e+03
1.12e+03
1.09e+03
1.05e+03
964
864
779
683
576
460
340
212
83
-49
-184
-312
-440
-564
-680
-788
-921
-977
-1.06e+03
-1.13e+03
-1.18e+03
-1.23e+03
-1.26e+03
-1.28e+03
-1.28e+03
-1.28e+03
-1.26e+03
-1.23e+03
-1.18e+03
-1.13e+03
-1.06e+03
-977
-857
-733
-636
-532
-428
-320
-213
-105
4
111
219
324
432
539
639
739
864
983
1.06e+03
1.13e+03
1.19e+03
1.23e+03
1.26e+03
1.28e+03
1.29e+03
1.28e+03
1.26e+03
1.23e+03
1.19e+03
1.13e+03
1.06e+03
980
923
791
684
567
444
319
187
55
-77
-208
-336
-456
-572
-676
-776
-857
-901
-993
-1.04e+03
-1.08e+03
-1.1e+03
-1.12e+03
-1.12e+03
-1.11e+03
-1.09e+03
-1.07e+03
-1.04e+03
-1.01e+03
-980
-945
-913
-884
-884
-828
-804
-784
-768
-753
-748
-741
-740
-741
-745
-756
-769
-785
-804
-829
-829
-832
-872
-920
-969
-1.02e+03
-1.08e+03
-1.13e+03
-1.18e+03
-1.21e+03
-1.24e+03
-1.25e+03
-1.25e+03
-1.23e+03
-1.18e+03
-1.12e+03
-1e+03
-929
-805
-661
-505
-336
-161
16
195
364
523
664
788
888
963
1.01e+03
995
955
920
859
776
676
555
423
275
119
-41
-201
-361
-517
-665
-804
-901
-1.05e+03
-1.15e+03
-1.24e+03
-1.32e+03
-1.37e+03
-1.41e+03
-1.44e+03
-1.45e+03
-1.44e+03
-1.41e+03
-1.37e+03
-1.31e+03
-1.24e+03
-1.15e+03
-1.05e+03
-957
-857
-705
-544
-372
-192
-8
176
356
524
679
811
923
1.01e+03
1.06e+03
1.08e+03
1.04e+03
1.02e+03
947
843
708
555
379
192
0
-192
-377
-552
-709
-841
-948
-1.02e+03
-1.09e+03
-1.13e+03
-1.1e+03
-1.03e+03
-932
-800
-640
-465
-272
-69
131
332
520
695
848
983
1.06e+03
1.12e+03
1.19e+03
1.23e+03
1.25e+03
1.26e+03
1.24e+03
1.22e+03
1.18e+03
1.13e+03
1.08e+03
1.03e+03
971
923
876
836
831
832
808
788
772
759
751
744
743
744
751
759
772
788
808
832
832
835
876
923
972
1.03e+03
1.08e+03
1.13e+03
1.18e+03
1.22e+03
1.24e+03
1.26e+03
1.25e+03
1.23e+03
1.19e+03
1.12e+03
1.01e+03
932
808
667
507
340
164
-13
-192
-364
-520
-664
-788
-888
-961
-1.01e+03
-1.05e+03
-1.01e+03
-961
-888
-788
-664
-521
-361
-192
-13
163
340
508
664
808
931
1.01e+03
1.12e+03
1.19e+03
1.23e+03
1.25e+03
1.26e+03
1.24e+03
1.22e+03
1.18e+03
1.13e+03
1.08e+03
1.02e+03
972
923
875
835
831
832
808
788
771
756
751
743
743
744
748
759
771
788
804
831
888
887
919
948
980
1.02e+03
1.04e+03
1.07e+03
1.1e+03
1.11e+03
1.12e+03
1.12e+03
1.11e+03
1.08e+03
1.05e+03
999
904
864
780
683
575
460
340
212
83
-49
-181
-312
-437
-561
-680
-788
-860
-924
-1.01e+03
-1.09e+03
-1.17e+03
-1.24e+03
-1.29e+03
-1.34e+03
-1.36e+03
-1.38e+03
-1.38e+03
-1.36e+03
-1.33e+03
-1.27e+03
-1.2e+03
-1.1e+03
-960
-804
-664
-516
-360
-201
-40
120
276
420
556
676
780
863
923
956
996
1.01e+03
963
891
788
667
524
364
195
19
-161
-337
-504
-661
-804
-929
-1.06e+03
-1.17e+03
-1.23e+03
-1.25e+03
-1.26e+03
-1.24e+03
-1.21e+03
-1.16e+03
-1.09e+03
-1.03e+03
-956
-888
-825
-776
-732
-709
-728
-761
-776
-804
-836
-877
-921
-968
-1.01e+03
-1.05e+03
-1.08e+03
-1.11e+03
-1.11e+03
-1.11e+03
-1.09e+03
-1.05e+03
-960
-857
-772
-677
-573
-456
-336
-208
-77
55
187
319
443
567
683
791
864
931
1.02e+03
1.1e+03
1.18e+03
1.24e+03
1.3e+03
1.34e+03
1.37e+03
1.38e+03
1.38e+03
1.36e+03
1.33e+03
1.27e+03
1.2e+03
1.1e+03
1.02e+03
859
708
547
372
192
8
-173
-353
-521
-673
-809
-920
-1e+03
-1.06e+03
-1.08e+03
-1.04e+03
-1.02e+03
-948
-840
-708
-552
-377
-193
3
192
380
555
711
843
951
1.02e+03
1.04e+03
1.08e+03
1.06e+03
1e+03
920
811
676
523
355
176
-8
-192
-372
-544
-705
-856
-1.02e+03
-1.1e+03
-1.2e+03
-1.27e+03
-1.33e+03
-1.36e+03
-1.38e+03
-1.38e+03
-1.36e+03
-1.34e+03
-1.29e+03
-1.24e+03
-1.17e+03
-1.09e+03
-1.01e+03
-924
-800
-736
-636
-533
-429
-321
-216
-108
0
111
219
327
432
536
639
739
804
928
1.02e+03
1.1e+03
1.18e+03
1.24e+03
1.3e+03
1.34e+03
1.37e+03
1.38e+03
1.38e+03
1.36e+03
1.33e+03
1.27e+03
1.2e+03
1.1e+03
963
808
668
520
364
207
44
-117
-272
-417
-552
-672
-773
-856
-916
-952
-992
-1.01e+03
-960
-885
-785
-664
-521
-361
-192
-16
164
339
508
664
808
931
1.06e+03
1.17e+03
1.23e+03
1.26e+03
1.26e+03
1.24e+03
1.21e+03
1.16e+03
1.1e+03
1.03e+03
955
888
827
775
736
708
671
711
735
775
828
888
956
1.03e+03
1.1e+03
1.16e+03
1.21e+03
1.24e+03
1.26e+03
1.26e+03
1.23e+03
1.17e+03
1.06e+03
931
804
663
507
339
163
-13
-192
-364
-521
-664
-788
-885
-960
-1.01e+03
-993
-956
-917
-857
-776
-673
-553
-417
-272
-120
43
203
364
519
667
807
963
1.11e+03
1.2e+03
1.27e+03
1.33e+03
1.36e+03
1.38e+03
1.38e+03
1.37e+03
1.34e+03
1.3e+03
1.24e+03
1.17e+03
1.1e+03
1.02e+03
927
804
736
639
536
432
327
219
111
3
-108
-216
-321
-428
-532
-636
-733
-857
-976
-1.06e+03
-1.12e+03
-1.18e+03
-1.23e+03
-1.26e+03
-1.28e+03
-1.28e+03
-1.28e+03
-1.26e+03
-1.23e+03
-1.18e+03
-1.13e+03
-1.06e+03
-980
-860
-737
-636
-533
-429
-324
-216
-108
0
108
219
324
431
535
636
736
803
927
1.02e+03
1.1e+03
1.18e+03
1.24e+03
1.3e+03
1.34e+03
1.37e+03
1.38e+03
1.38e+03
1.36e+03
1.33e+03
1.27e+03
1.2e+03
1.1e+03
1.02e+03
860
711
548
375
195
11
-173
-353
-520
-673
-809
-921
-1e+03
-1.06e+03
-1.08e+03
-1.1e+03
-1.08e+03
-989
-869
-720
-544
-345
-136
80
295
499
688
852
988
1.09e+03
1.15e+03
1.14e+03
1.15e+03
1.09e+03
988
855
691
500
296
83
-136
-345
-541
-717
-869
-988
-1.07e+03
-1.15e+03
-1.13e+03
-1.1e+03
-1.03e+03
-929
-797
-641
-461
-272
-69
132
328
520
695
848
984
1.06e+03
1.12e+03
1.19e+03
1.23e+03
1.25e+03
1.25e+03
1.24e+03
1.21e+03
1.18e+03
1.13e+03
1.08e+03
1.03e+03
972
920
875
836
832
832
807
788
772
759
748
744
743
744
751
759
771
787
808
831
887
887
916
948
983
1.01e+03
1.04e+03
1.08e+03
1.1e+03
1.11e+03
1.12e+03
1.12e+03
1.11e+03
1.08e+03
1.04e+03
996
964
916
820
711
587
451
304
156
3
-152
-305
-449
-585
-708
-820
-912
-961
-993
-1.04e+03
-1.08e+03
-1.11e+03
-1.12e+03
-1.12e+03
-1.11e+03
-1.09e+03
-1.07e+03
-1.04e+03
-1.01e+03
-981
-948
-917
-884
-828
-776
-761
-753
-760
-765
-777
-797
-820
-844
-868
-892
-912
-929
-944
-953
-928
-901
-901
-904
-901
-904
-900
-900
-901
-900
-901
-901
-900
-901
-901
-901
-929
-952
-944
-929
-912
-892
-869
-844
-820
-797
-780
-765
-757
-756
-760
-773
-825
-884
-913
-945
-980
-1.01e+03
-1.04e+03
-1.07e+03
-1.09e+03
-1.11e+03
-1.12e+03
-1.11e+03
-1.1e+03
-1.08e+03
-1.04e+03
-992
-900
-856
-773
-680
-572
-457
-336
-209
-77
55
183
316
440
564
683
791
923
980
1.06e+03
1.13e+03
1.18e+03
1.23e+03
1.26e+03
1.28e+03
1.29e+03
1.28e+03
1.26e+03
1.23e+03
1.19e+03
1.13e+03
1.06e+03
980
864
739
639
536
432
327
219
111
3
-104
-213
-320
-428
-533
-636
-733
-860
-977
-1.06e+03
-1.13e+03
-1.18e+03
-1.23e+03
-1.26e+03
-1.28e+03
-1.29e+03
-1.28e+03
-1.26e+03
-1.23e+03
-1.18e+03
-1.13e+03
-1.06e+03
-977
-860
-737
-636
-533
-428
-324
-216
-108
0
108
219
323
428
535
636
736
863
980
1.06e+03
1.13e+03
1.18e+03
1.23e+03
1.26e+03
1.28e+03
1.29e+03
1.28e+03
1.26e+03
1.23e+03
1.19e+03
1.13e+03
1.06e+03
983
923
791
683
567
443
315
187
52
-77
-209
-337
-457
-573
-677
-773
-861
-901
-996
-1.04e+03
-1.08e+03
-1.1e+03
-1.12e+03
-1.12e+03
-1.11e+03
-1.09e+03
-1.07e+03
-1.04e+03
-1.01e+03
-980
-945
-912
-881
-825
-773
-761
-753
-753
-764
-777
-797
-820
-844
-869
-889
-912
-932
-945
-956
-929
-900
-901
-901
-901
-901
-897
-901
-901
-900
-900
-901
-900
-900
-900
-900
-928
-949
-944
-928
-909
-889
-868
-841
-817
-797
-777
-764
-756
-756
-761
-776
-825
-881
-916
-945
-980
-1.01e+03
-1.04e+03
-1.07e+03
-1.09e+03
-1.11e+03
-1.12e+03
-1.11e+03
-1.1e+03
-1.08e+03
-1.04e+03
-992
-900
-857
-773
-677
-572
-457
-336
-208
-77
55
187
316
443
564
680
788
863
927
1.02e+03
1.1e+03
1.17e+03
1.24e+03
1.3e+03
1.34e+03
1.37e+03
1.38e+03
1.38e+03
1.36e+03
1.33e+03
1.27e+03
1.2e+03
1.1e+03
1.02e+03
860
711
547
375
195
11
-173
-349
-520
-672
-808
-917
-1e+03
-1.06e+03
-1.08e+03
-1.09e+03
-1.07e+03
-988
-868
-717
-541
-345
-133
83
299
504
691
855
988
1.09e+03
1.15e+03
1.2e+03
1.2e+03
1.13e+03
1.02e+03
868
683
468
240
0
-236
-465
-676
-861
-1.01e+03
-1.13e+03
-1.2e+03
-1.25e+03
-1.2e+03
-1.13e+03
-1.01e+03
-861
-677
-465
-237
0
239
468
680
864
1.02e+03
1.13e+03
1.2e+03
1.26e+03
1.2e+03
1.13e+03
1.02e+03
867
679
468
240
3
-237
-465
-677
-861
-1.01e+03
-1.13e+03
-1.2e+03
-1.25e+03
-1.2e+03
-1.13e+03
-1.01e+03
-861
-676
-464
-236
4
240
471
679
867
1.02e+03
1.13e+03
1.2e+03
1.2e+03
1.15e+03
1.09e+03
991
855
691
503
295
83
-133
-345
-544
-720
-869
-989
-1.08e+03
-1.15e+03
-1.13e+03
-1.1e+03
-1.03e+03
-929
-797
-640
-465
-272
-72
132
328
519
695
851
984
1.07e+03
1.12e+03
1.19e+03
1.23e+03
1.25e+03
1.26e+03
1.24e+03
1.22e+03
1.18e+03
1.13e+03
1.08e+03
1.03e+03
972
923
876
835
832
832
808
788
772
759
751
744
743
744
751
759
772
788
808
832
891
887
919
951
987
1.02e+03
1.05e+03
1.08e+03
1.1e+03
1.12e+03
1.12e+03
1.12e+03
1.11e+03
1.08e+03
1.05e+03
999
904
863
779
683
575
463
339
211
83
-52
-181
-313
-440
-564
-680
-788
-920
-977
-1.06e+03
-1.13e+03
-1.18e+03
-1.23e+03
-1.26e+03
-1.28e+03
-1.28e+03
-1.28e+03
-1.26e+03
-1.23e+03
-1.18e+03
-1.13e+03
-1.06e+03
-976
-917
-785
-677
-561
-437
-312
-181
-49
83
215
340
460
575
683
780
864
904
996
1.05e+03
1.08e+03
1.11e+03
1.12e+03
1.12e+03
1.11e+03
1.1e+03
1.07e+03
1.04e+03
1.02e+03
983
948
916
884
828
776
763
759
760
767
783
799
823
848
871
895
916
935
947
956
932
904
904
907
904
904
903
903
903
904
904
907
903
907
904
904
932
956
948
932
916
895
871
847
823
800
783
768
763
759
764
779
772
836
876
920
972
1.03e+03
1.08e+03
1.13e+03
1.18e+03
1.22e+03
1.24e+03
1.26e+03
1.25e+03
1.23e+03
1.18e+03
1.12e+03
1.01e+03
932
808
667
508
340
164
-13
-189
-360
-520
-664
-785
-885
-960
-1.01e+03
-1.05e+03
-1.01e+03
-960
-885
-785
-664
-520
-361
-192
-13
164
340
508
664
807
931
1e+03
1.12e+03
1.18e+03
1.23e+03
1.25e+03
1.25e+03
1.24e+03
1.21e+03
1.18e+03
1.13e+03
1.08e+03
1.02e+03
971
920
876
835
832
835
808
788
772
760
752
747
743
747
752
759
772
788
808
832
831
836
876
920
972
1.03e+03
1.08e+03
1.13e+03
1.18e+03
1.22e+03
1.24e+03
1.26e+03
1.25e+03
1.23e+03
1.19e+03
1.12e+03
1.06e+03
984
851
695
520
332
131
-72
-272
-464
-640
-800
-929
-1.03e+03
-1.1e+03
-1.13e+03
-1.09e+03
-1.02e+03
-948
-844
-708
-552
-377
-192
3
192
380
555
711
843
948
1.02e+03
1.04e+03
1.08e+03
1.06e+03
1e+03
919
811
675
523
352
175
-9
-193
-373
-545
-708
-860
-1.02e+03
-1.1e+03
-1.2e+03
-1.27e+03
-1.33e+03
-1.36e+03
-1.38e+03
-1.38e+03
-1.37e+03
-1.34e+03
-1.29e+03
-1.24e+03
-1.17e+03
-1.1e+03
-1.02e+03
-921
-860
-785
-677
-560
-437
-312
-180
-48
83
212
340
460
579
683
779
863
964
1.05e+03
1.09e+03
1.11e+03
1.12e+03
1.11e+03
1.09e+03
1.06e+03
1.02e+03
972
924
883
839
804
780
763
788
763
779
804
839
880
924
972
1.02e+03
1.06e+03
1.09e+03
1.11e+03
1.12e+03
1.11e+03
1.09e+03
1.05e+03
963
860
779
680
575
460
339
212
80
-52
-184
-312
-440
-561
-677
-789
-921
-980
-1.06e+03
-1.13e+03
-1.18e+03
-1.23e+03
-1.26e+03
-1.28e+03
-1.28e+03
-1.28e+03
-1.26e+03
-1.23e+03
-1.18e+03
-1.13e+03
-1.06e+03
-980
-921
-789
-677
-561
-440
-312
-184
-52
80
212
339
460
575
680
779
860
963
1.05e+03
1.09e+03
1.11e+03
1.12e+03
1.11e+03
1.09e+03
1.06e+03
1.02e+03
971
924
880
840
804
779
763
731
712
736
779
831
891
959
1.03e+03
1.1e+03
1.16e+03
1.21e+03
1.25e+03
1.26e+03
1.26e+03
1.23e+03
1.18e+03
1.06e+03
931
807
664
508
339
164
-16
-192
-361
-520
-661
-785
-888
-960
-1.01e+03
-1.05e+03
-1.01e+03
-961
-885
-788
-661
-521
-361
-193
-16
163
336
508
664
807
928
1e+03
1.12e+03
1.18e+03
1.23e+03
1.25e+03
1.25e+03
1.24e+03
1.22e+03
1.18e+03
1.13e+03
1.08e+03
1.02e+03
972
920
875
835
831
832
807
788
772
760
751
744
743
744
751
759
772
791
808
835
888
887
919
951
983
1.02e+03
1.04e+03
1.08e+03
1.1e+03
1.11e+03
1.12e+03
1.12e+03
1.11e+03
1.08e+03
1.04e+03
996
963
912
819
708
587
451
308
155
0
-152
-304
-448
-584
-705
-817
-909
-957
-992
-1.04e+03
-1.08e+03
-1.1e+03
-1.11e+03
-1.12e+03
-1.11e+03
-1.09e+03
-1.07e+03
-1.04e+03
-1.01e+03
-977
-945
-913
-884
-885
-829
-805
-784
-768
-756
-748
-741
-736
-741
-748
-756
-768
-784
-805
-829
-828
-829
-872
-917
-965
-1.02e+03
-1.07e+03
-1.13e+03
-1.17e+03
-1.21e+03
-1.24e+03
-1.25e+03
-1.24e+03
-1.22e+03
-1.18e+03
-1.12e+03
-1e+03
-928
-805
-661
-504
-336
-161
19
195
364
524
667
788
888
963
1.01e+03
1.06e+03
1.01e+03
963
888
788
667
524
364
195
19
-161
-336
-504
-661
-805
-928
-1e+03
-1.12e+03
-1.18e+03
-1.22e+03
-1.24e+03
-1.25e+03
-1.24e+03
-1.21e+03
-1.17e+03
-1.13e+03
-1.07e+03
-1.02e+03
-965
-917
-872
-829
-768
-776
-761
-753
-756
-764
-777
-796
-820
-844
-865
-892
-912
-929
-944
-952
-928
-900
-901
-900
-901
-900
-900
-897
-900
-900
-900
-900
-900
-900
-900
-897
-868
-900
-900
-900
-900
-900
-900
-900
-900
-900
-901
-900
-901
-900
-901
-901
-928
-953
-944
-932
-913
-892
-868
-845
-821
-797
-780
-765
-756
-756
-764
-776
-829
-885
-916
-945
-980
-1.01e+03
-1.04e+03
-1.07e+03
-1.09e+03
-1.11e+03
-1.12e+03
-1.12e+03
-1.1e+03
-1.08e+03
-1.04e+03
-993
-960
-912
-816
-708
-581
-449
-304
-152
0
156
307
452
584
711
819
915
1.02e+03
1.05e+03
1.09e+03
1.11e+03
1.12e+03
1.11e+03
1.09e+03
1.06e+03
1.02e+03
972
927
879
839
804
779
763
731
712
736
779
828
892
960
1.03e+03
1.1e+03
1.16e+03
1.21e+03
1.24e+03
1.26e+03
1.26e+03
1.23e+03
1.18e+03
1.07e+03
932
808
667
508
340
164
-13
-192
-360
-517
-661
-785
-885
-960
-1.01e+03
-1.05e+03
-1.01e+03
-957
-885
-784
-664
-520
-361
-192
-13
164
339
508
663
807
931
1e+03
1.12e+03
1.19e+03
1.23e+03
1.25e+03
1.25e+03
1.24e+03
1.22e+03
1.18e+03
1.13e+03
1.08e+03
1.02e+03
971
919
875
832
831
831
807
787
771
759
748
744
743
744
751
759
771
788
811
832
832
835
876
923
972
1.03e+03
1.08e+03
1.13e+03
1.18e+03
1.22e+03
1.24e+03
1.26e+03
1.25e+03
1.23e+03
1.18e+03
1.12e+03
1e+03
931
807
663
507
339
164
-16
-192
-361
-520
-664
-785
-885
-957
-1e+03
-1.05e+03
-1e+03
-957
-885
-785
-664
-520
-361
-192
-16
164
339
507
663
807
931
1e+03
1.12e+03
1.18e+03
1.23e+03
1.25e+03
1.26e+03
1.24e+03
1.22e+03
1.18e+03
1.13e+03
1.08e+03
1.03e+03
972
923
876
835
772
780
764
759
760
771
783
800
823
848
871
892
916
932
947
956
931
904
903
903
903
903
903
900
903
900
903
903
903
903
903
904
871
904
903
903
903
904
903
903
904
904
904
904
904
904
904
904
931
959
948
935
916
895
871
847
823
803
783
768
759
756
763
779
771
832
872
920
971
1.02e+03
1.08e+03
1.13e+03
1.18e+03
1.22e+03
1.24e+03
1.26e+03
1.25e+03
1.23e+03
1.19e+03
1.12e+03
1.01e+03
932
808
667
507
339
167
-13
-189
-360
-517
-661
-785
-885
-960
-1e+03
-1.05e+03
-1.01e+03
-960
-885
-785
-664
-520
-361
-192
-16
164
340
508
664
807
931
1.06e+03
1.18e+03
1.23e+03
1.26e+03
1.26e+03
1.24e+03
1.21e+03
1.16e+03
1.1e+03
1.03e+03
956
887
827
775
736
711
671
708
736
775
827
888
959
1.03e+03
1.1e+03
1.16e+03
1.21e+03
1.24e+03
1.26e+03
1.26e+03
1.23e+03
1.18e+03
1.06e+03
932
807
667
508
340
164
-13
-192
-361
-521
-664
-785
-884
-960
-1e+03
-993
-952
-916
-856
-773
-672
-553
-417
-272
-117
44
204
364
520
671
807
907
1.06e+03
1.16e+03
1.24e+03
1.32e+03
1.38e+03
1.42e+03
1.44e+03
1.45e+03
1.44e+03
1.42e+03
1.38e+03
1.32e+03
1.25e+03
1.16e+03
1.06e+03
963
863
712
551
375
195
11
-173
-352
-520
-673
-808
-920
-1e+03
-1.06e+03
-1.08e+03
-1.1e+03
-1.08e+03
-989
-869
-720
-544
-345
-133
83
296
500
691
855
991
1.09e+03
1.15e+03
1.14e+03
1.15e+03
1.09e+03
991
856
691
503
299
83
-133
-344
-540
-717
-869
-989
-1.07e+03
-1.15e+03
-1.13e+03
-1.1e+03
-1.03e+03
-932
-797
-641
-461
-272
-72
132
331
520
695
852
984
1.06e+03
1.12e+03
1.19e+03
1.23e+03
1.25e+03
1.26e+03
1.24e+03
1.22e+03
1.18e+03
1.13e+03
1.08e+03
1.02e+03
975
923
875
835
832
832
808
788
772
759
752
744
744
747
751
760
772
788
808
831
832
836
875
923
971
1.03e+03
1.08e+03
1.13e+03
1.18e+03
1.22e+03
1.24e+03
1.25e+03
1.25e+03
1.23e+03
1.18e+03
1.12e+03
1.06e+03
983
848
692
519
331
131
-69
-272
-464
-641
-797
-929
-1.03e+03
-1.1e+03
-1.13e+03
-1.09e+03
-1.02e+03
-945
-837
-705
-549
-376
-192
0
196
380
555
711
844
951
1.02e+03
1.1e+03
1.13e+03
1.1e+03
1.03e+03
932
800
643
467
275
75
-129
-329
-517
-693
-848
-981
-1.06e+03
-1.12e+03
-1.18e+03
-1.23e+03
-1.25e+03
-1.25e+03
-1.24e+03
-1.21e+03
-1.17e+03
-1.13e+03
-1.07e+03
-1.02e+03
-968
-917
-869
-829
-828
-825
-804
-784
-765
-756
-745
-741
-740
-741
-745
-756
-768
-785
-805
-829
-888
-885
-916
-948
-981
-1.01e+03
-1.04e+03
-1.07e+03
-1.09e+03
-1.11e+03
-1.12e+03
-1.12e+03
-1.1e+03
-1.08e+03
-1.04e+03
-993
-960
-909
-816
-708
-584
-448
-301
-152
0
156
307
451
587
711
819
915
1.02e+03
1.05e+03
1.09e+03
1.11e+03
1.12e+03
1.11e+03
1.09e+03
1.05e+03
1.02e+03
971
924
880
839
803
776
763
788
764
779
804
839
879
924
968
1.02e+03
1.06e+03
1.09e+03
1.11e+03
1.12e+03
1.11e+03
1.09e+03
1.05e+03
1.02e+03
915
820
711
587
451
307
156
0
-152
-304
-448
-584
-708
-816
-912
-1.02e+03
-1.05e+03
-1.09e+03
-1.11e+03
-1.11e+03
-1.11e+03
-1.08e+03
-1.05e+03
-1.01e+03
-968
-921
-876
-836
-801
-776
-760
-725
-705
-732
-772
-825
-885
-953
-1.02e+03
-1.09e+03
-1.16e+03
-1.21e+03
-1.24e+03
-1.26e+03
-1.25e+03
-1.22e+03
-1.17e+03
-1.12e+03
-980
-845
-692
-516
-328
-128
75
276
468
647
800
935
1.04e+03
1.1e+03
1.13e+03
1.16e+03
1.08e+03
992
872
723
547
351
139
-77
-292
-500
-688
-849
-984
-1.09e+03
-1.15e+03
-1.19e+03
-1.2e+03
-1.13e+03
-1.01e+03
-864
-676
-465
-237
0
243
471
680
867
1.02e+03
1.13e+03
1.2e+03
1.2e+03
1.15e+03
1.09e+03
991
856
691
500
296
83
-133
-344
-541
-717
-868
-988
-1.07e+03
-1.15e+03
-1.13e+03
-1.1e+03
-1.03e+03
-929
-800
-640
-464
-272
-72
132
331
519
692
848
983
1.12e+03
1.17e+03
1.23e+03
1.26e+03
1.26e+03
1.24e+03
1.21e+03
1.16e+03
1.1e+03
1.03e+03
956
891
827
776
736
711
672
712
736
776
831
888
959
1.03e+03
1.1e+03
1.16e+03
1.21e+03
1.25e+03
1.26e+03
1.26e+03
1.23e+03
1.18e+03
1.12e+03
984
852
695
519
331
131
-73
-272
-465
-641
-797
-929
-1.03e+03
-1.1e+03
-1.13e+03
-1.1e+03
-1.02e+03
-948
-841
-709
-552
-377
-192
0
192
379
555
708
843
947
1.02e+03
1.04e+03
1.08e+03
1.06e+03
1.01e+03
920
811
676
524
356
176
-5
-189
-372
-545
-705
-856
-960
-1.05e+03
-1.15e+03
-1.24e+03
-1.32e+03
-1.37e+03
-1.41e+03
-1.44e+03
-1.45e+03
-1.44e+03
-1.41e+03
-1.37e+03
-1.32e+03
-1.24e+03
-1.16e+03
-1.05e+03
-960
-857
-708
-545
-372
-192
-8
176
355
524
676
812
923
1.01e+03
1.06e+03
1.08e+03
1.04e+03
1.03e+03
952
844
711
555
380
192
0
-189
-377
-552
-708
-841
-948
-1.02e+03
-1.09e+03
-1.13e+03
-1.1e+03
-1.03e+03
-932
-800
-641
-464
-272
-73
131
328
520
695
848
983
1.12e+03
1.18e+03
1.23e+03
1.26e+03
1.26e+03
1.24e+03
1.21e+03
1.16e+03
1.1e+03
1.03e+03
959
888
827
775
735
711
731
763
779
803
836
880
927
971
1.02e+03
1.06e+03
1.09e+03
1.11e+03
1.12e+03
1.11e+03
1.09e+03
1.05e+03
1.02e+03
916
820
711
588
452
308
156
3
-153
-304
-449
-585
-708
-820
-912
-961
-996
-1.04e+03
-1.08e+03
-1.1e+03
-1.12e+03
-1.12e+03
-1.11e+03
-1.09e+03
-1.07e+03
-1.04e+03
-1.01e+03
-980
-945
-912
-881
-825
-773
-761
-753
-753
-764
-777
-797
-820
-844
-869
-889
-912
-932
-945
-956
-988
-953
-945
-929
-912
-892
-869
-844
-817
-797
-777
-765
-757
-756
-761
-773
-765
-829
-869
-916
-968
-1.02e+03
-1.07e+03
-1.13e+03
-1.17e+03
-1.21e+03
-1.24e+03
-1.25e+03
-1.25e+03
-1.22e+03
-1.18e+03
-1.12e+03
-1.06e+03
-980
-845
-692
-516
-325
-128
75
276
467
644
800
932
1.04e+03
1.1e+03
1.13e+03
1.16e+03
1.08e+03
991
872
720
544
348
139
-77
-293
-497
-685
-849
-988
-1.09e+03
-1.15e+03
-1.19e+03
-1.2e+03
-1.13e+03
-1.01e+03
-861
-676
-465
-236
3
240
468
679
868
1.02e+03
1.13e+03
1.2e+03
1.2e+03
1.15e+03
1.09e+03
991
855
691
503
296
80
-133
-345
-541
-717
-869
-992
-1.07e+03
-1.1e+03
-1.08e+03
-1.06e+03
-1.01e+03
-920
-809
-673
-520
-353
-173
11
195
375
548
711
859
1.02e+03
1.11e+03
1.2e+03
1.28e+03
1.33e+03
1.37e+03
1.38e+03
1.38e+03
1.37e+03
1.34e+03
1.3e+03
1.24e+03
1.18e+03
1.1e+03
1.02e+03
928
863
791
680
564
440
316
187
52
-80
-209
-337
-457
-573
-680
-776
-860
-904
-993
-1.04e+03
-1.08e+03
-1.1e+03
-1.12e+03
-1.12e+03
-1.11e+03
-1.09e+03
-1.07e+03
-1.04e+03
-1.02e+03
-981
-948
-916
-885
-885
-828
-805
-785
-768
-756
-745
-741
-740
-741
-748
-756
-768
-784
-805
-828
-885
-884
-913
-944
-977
-1.01e+03
-1.04e+03
-1.07e+03
-1.09e+03
-1.11e+03
-1.12e+03
-1.12e+03
-1.1e+03
-1.08e+03
-1.04e+03
-992
-960
-909
-817
-708
-585
-448
-305
-152
0
155
308
451
588
711
820
915
1.02e+03
1.05e+03
1.09e+03
1.11e+03
1.12e+03
1.11e+03
1.09e+03
1.05e+03
1.02e+03
971
924
879
839
803
779
763
728
708
735
776
828
891
956
1.03e+03
1.1e+03
1.16e+03
1.21e+03
1.24e+03
1.26e+03
1.26e+03
1.23e+03
1.18e+03
1.12e+03
984
851
695
520
331
131
-72
-272
-464
-640
-797
-932
-1.03e+03
-1.1e+03
-1.13e+03
-1.1e+03
-1.02e+03
-948
-841
-708
-552
-377
-193
-1
195
379
555
708
840
948
1.02e+03
1.1e+03
1.13e+03
1.1e+03
1.04e+03
935
803
643
468
275
72
-128
-325
-513
-689
-844
-977
-1.12e+03
-1.17e+03
-1.23e+03
-1.25e+03
-1.26e+03
-1.24e+03
-1.2e+03
-1.15e+03
-1.09e+03
-1.03e+03
-953
-888
-825
-773
-733
-708
-668
-708
-733
-773
-825
-888
-953
-1.03e+03
-1.09e+03
-1.15e+03
-1.2e+03
-1.24e+03
-1.26e+03
-1.25e+03
-1.23e+03
-1.17e+03
-1.06e+03
-925
-804
-661
-504
-336
-160
20
195
364
523
667
788
888
963
1.01e+03
1.06e+03
1.01e+03
963
888
788
664
523
364
192
16
-161
-337
-505
-661
-805
-928
-1e+03
-1.12e+03
-1.18e+03
-1.23e+03
-1.25e+03
-1.25e+03
-1.24e+03
-1.21e+03
-1.17e+03
-1.13e+03
-1.07e+03
-1.02e+03
-968
-917
-869
-829
-828
-825
-804
-784
-765
-756
-745
-741
-740
-741
-745
-756
-768
-785
-805
-829
-888
-884
-916
-948
-977
-1.01e+03
-1.05e+03
-1.07e+03
-1.09e+03
-1.11e+03
-1.12e+03
-1.12e+03
-1.1e+03
-1.08e+03
-1.04e+03
-993
-900
-860
-773
-677
-573
-457
-336
-209
-77
55
187
315
443
564
683
791
920
980
1.06e+03
1.13e+03
1.18e+03
1.23e+03
1.26e+03
1.28e+03
1.29e+03
1.28e+03
1.26e+03
1.23e+03
1.19e+03
1.13e+03
1.06e+03
983
863
740
640
539
432
327
219
112
4
-105
-216
-321
-428
-532
-633
-733
-860
-977
-1.06e+03
-1.13e+03
-1.18e+03
-1.23e+03
-1.26e+03
-1.28e+03
-1.29e+03
-1.28e+03
-1.26e+03
-1.23e+03
-1.18e+03
-1.13e+03
-1.06e+03
-977
-917
-788
-680
-561
-437
-312
-181
-49
83
212
340
460
575
683
780
864
907
996
1.05e+03
1.08e+03
1.1e+03
1.12e+03
1.12e+03
1.11e+03
1.1e+03
1.07e+03
1.04e+03
1.01e+03
983
948
916
887
831
779
763
756
759
768
783
803
823
847
871
895
916
935
948
959
991
956
948
935
915
895
871
847
823
803
780
768
759
759
764
776
828
887
916
948
980
1.01e+03
1.04e+03
1.07e+03
1.1e+03
1.11e+03
1.12e+03
1.12e+03
1.11e+03
1.08e+03
1.05e+03
996
963
916
820
711
587
451
304
156
3
-152
-305
-449
-585
-708
-820
-912
-964
-996
-1.04e+03
-1.08e+03
-1.1e+03
-1.12e+03
-1.12e+03
-1.11e+03
-1.09e+03
-1.07e+03
-1.04e+03
-1.01e+03
-981
-948
-916
-885
-888
-829
-805
-785
-769
-756
-748
-741
-741
-744
-748
-757
-769
-784
-805
-828
-828
-832
-872
-920
-968
-1.02e+03
-1.08e+03
-1.13e+03
-1.17e+03
-1.21e+03
-1.24e+03
-1.25e+03
-1.25e+03
-1.22e+03
-1.18e+03
-1.12e+03
-1e+03
-928
-804
-661
-505
-336
-161
19
195
364
523
664
788
887
964
1.01e+03
995
955
919
859
779
675
556
420
276
120
-40
-201
-360
-516
-664
-801
-901
-1.05e+03
-1.15e+03
-1.24e+03
-1.31e+03
-1.37e+03
-1.41e+03
-1.44e+03
-1.45e+03
-1.44e+03
-1.41e+03
-1.37e+03
-1.31e+03
-1.24e+03
-1.15e+03
-1.05e+03
-961
-856
-705
-544
-369
-192
-5
176
356
524
676
811
923
1.01e+03
1.06e+03
1.08e+03
1.1e+03
1.08e+03
992
875
723
547
348
140
-77
-292
-496
-685
-849
-985
-1.08e+03
-1.15e+03
-1.19e+03
-1.2e+03
-1.13e+03
-1.01e+03
-864
-677
-465
-237
0
240
468
680
864
1.02e+03
1.13e+03
1.2e+03
1.2e+03
1.15e+03
1.09e+03
988
852
688
500
295
80
-133
-345
-541
-721
-869
-992
-1.08e+03
-1.15e+03
-1.13e+03
-1.1e+03
-1.03e+03
-932
-800
-640
-465
-272
-69
131
332
520
695
848
983
1.06e+03
1.12e+03
1.19e+03
1.23e+03
1.25e+03
1.26e+03
1.24e+03
1.22e+03
1.18e+03
1.13e+03
1.08e+03
1.03e+03
971
923
876
836
832
832
808
787
771
759
751
744
743
747
751
759
771
788
808
832
891
887
920
951
984
1.02e+03
1.05e+03
1.08e+03
1.1e+03
1.11e+03
1.12e+03
1.12e+03
1.11e+03
1.08e+03
1.05e+03
996
964
916
823
712
588
452
307
156
0
-152
-301
-448
-584
-708
-817
-912
-1.02e+03
-1.05e+03
-1.09e+03
-1.11e+03
-1.11e+03
-1.11e+03
-1.08e+03
-1.05e+03
-1.01e+03
-965
-920
-877
-833
-800
-776
-760
-784
-760
-776
-801
-836
-876
-921
-968
-1.01e+03
-1.05e+03
-1.08e+03
-1.11e+03
-1.11e+03
-1.11e+03
-1.09e+03
-1.05e+03
-960
-857
-776
-676
-573
-457
-336
-209
-80
55
184
316
444
564
680
791
920
980
1.06e+03
1.13e+03
1.18e+03
1.23e+03
1.26e+03
1.28e+03
1.29e+03
1.28e+03
1.26e+03
1.23e+03
1.18e+03
1.13e+03
1.06e+03
980
920
791
680
564
443
316
184
52
-80
-212
-337
-460
-572
-680
-776
-860
-961
-1.05e+03
-1.09e+03
-1.11e+03
-1.12e+03
-1.11e+03
-1.09e+03
-1.05e+03
-1.01e+03
-969
-924
-877
-837
-801
-776
-761
-788
-761
-776
-801
-837
-877
-924
-969
-1.01e+03
-1.05e+03
-1.09e+03
-1.11e+03
-1.12e+03
-1.11e+03
-1.09e+03
-1.05e+03
-1.02e+03
-913
-817
-709
-584
-449
-304
-153
3
155
304
451
587
711
820
915
963
996
1.05e+03
1.08e+03
1.11e+03
1.12e+03
1.12e+03
1.11e+03
1.1e+03
1.07e+03
1.04e+03
1.02e+03
984
951
916
887
831
776
764
759
759
767
783
800
823
847
871
891
915
931
944
955
931
903
903
903
904
904
903
903
903
903
903
904
904
903
904
903
875
904
907
904
904
903
904
904
904
903
904
907
904
904
904
904
872
904
904
904
904
907
904
903
904
904
904
903
904
904
907
904
932
956
947
935
916
895
872
847
823
800
783
768
760
759
763
776
828
887
916
948
983
1.01e+03
1.04e+03
1.07e+03
1.1e+03
1.11e+03
1.12e+03
1.12e+03
1.1e+03
1.08e+03
1.05e+03
996
964
915
820
711
587
451
307
156
0
-152
-304
-448
-581
-705
-817
-912
-1.02e+03
-1.05e+03
-1.09e+03
-1.11e+03
-1.11e+03
-1.11e+03
-1.08e+03
-1.05e+03
-1.01e+03
-969
-924
-876
-836
-801
-776
-761
-788
-761
-777
-801
-837
-877
-921
-969
-1.01e+03
-1.05e+03
-1.08e+03
-1.11e+03
-1.11e+03
-1.11e+03
-1.09e+03
-1.05e+03
-960
-857
-773
-677
-572
-456
-336
-205
-77
55
188
316
444
564
684
791
920
983
1.06e+03
1.13e+03
1.19e+03
1.23e+03
1.26e+03
1.28e+03
1.29e+03
1.28e+03
1.26e+03
1.23e+03
1.19e+03
1.13e+03
1.06e+03
980
923
792
680
564
443
316
184
55
-77
-209
-336
-457
-573
-677
-773
-857
-901
-993
-1.04e+03
-1.08e+03
-1.1e+03
-1.12e+03
-1.12e+03
-1.11e+03
-1.09e+03
-1.07e+03
-1.04e+03
-1.01e+03
-980
-948
-913
-884
-828
-773
-761
-753
-756
-764
-780
-796
-817
-844
-868
-888
-912
-928
-941
-952
-925
-900
-900
-900
-900
-900
-900
-900
-900
-900
-901
-900
-901
-900
-901
-901
-869
-901
-901
-901
-901
-901
-901
-901
-901
-901
-901
-901
-901
-901
-901
-901
-928
-953
-944
-932
-913
-892
-869
-844
-820
-797
-777
-765
-757
-753
-761
-773
-768
-829
-869
-917
-968
-1.02e+03
-1.07e+03
-1.12e+03
-1.17e+03
-1.21e+03
-1.24e+03
-1.25e+03
-1.25e+03
-1.22e+03
-1.18e+03
-1.12e+03
-1.06e+03
-980
-845
-689
-516
-325
-128
75
276
467
644
803
932
1.04e+03
1.1e+03
1.13e+03
1.1e+03
1.02e+03
948
843
711
555
379
192
0
-192
-380
-553
-708
-841
-948
-1.02e+03
-1.04e+03
-1.08e+03
-1.06e+03
-1e+03
-920
-808
-673
-521
-352
-172
12
195
376
548
712
859
964
1.05e+03
1.16e+03
1.25e+03
1.32e+03
1.38e+03
1.42e+03
1.44e+03
1.45e+03
1.44e+03
1.42e+03
1.38e+03
1.32e+03
1.24e+03
1.16e+03
1.05e+03
963
859
711
548
375
192
11
-173
-353
-520
-673
-808
-920
-1e+03
-1.06e+03
-1.08e+03
-1.09e+03
-1.07e+03
-988
-868
-716
-541
-344
-133
83
296
500
691
855
988
1.09e+03
1.15e+03
1.2e+03
1.2e+03
1.13e+03
1.02e+03
868
683
468
240
0
-236
-465
-676
-861
-1.01e+03
-1.13e+03
-1.2e+03
-1.19e+03
-1.15e+03
-1.08e+03
-985
-849
-685
-500
-293
-80
139
348
544
720
872
992
1.08e+03
1.16e+03
1.13e+03
1.1e+03
1.04e+03
932
800
644
467
276
75
-128
-325
-516
-692
-845
-980
-1.12e+03
-1.17e+03
-1.22e+03
-1.25e+03
-1.26e+03
-1.24e+03
-1.2e+03
-1.15e+03
-1.09e+03
-1.02e+03
-952
-884
-821
-772
-729
-705
-665
-705
-733
-772
-824
-885
-956
-1.03e+03
-1.09e+03
-1.15e+03
-1.21e+03
-1.24e+03
-1.26e+03
-1.25e+03
-1.22e+03
-1.17e+03
-1.12e+03
-980
-848
-692
-517
-329
-128
75
275
464
644
800
931
1.04e+03
1.1e+03
1.14e+03
1.1e+03
1.02e+03
951
843
711
555
380
192
3
-192
-376
-552
-709
-841
-948
-1.02e+03
-1.04e+03
-1.08e+03
-1.06e+03
-1e+03
-920
-808
-676
-520
-352
-176
8
195
375
548
711
859
963
1.05e+03
1.15e+03
1.24e+03
1.32e+03
1.38e+03
1.42e+03
1.44e+03
1.45e+03
1.44e+03
1.42e+03
1.38e+03
1.32e+03
1.24e+03
1.16e+03
1.05e+03
964
859
711
548
375
195
11
-173
-353
-520
-673
-809
-920
-1.01e+03
-1.06e+03
-1.08e+03
-1.04e+03
-1.02e+03
-948
-841
-708
-552
-377
-192
3
195
380
556
712
844
951
1.02e+03
1.04e+03
1.08e+03
1.06e+03
1.01e+03
920
815
679
524
355
176
-5
-192
-372
-544
-705
-856
-961
-1.05e+03
-1.15e+03
-1.24e+03
-1.31e+03
-1.37e+03
-1.41e+03
-1.44e+03
-1.45e+03
-1.44e+03
-1.41e+03
-1.37e+03
-1.32e+03
-1.24e+03
-1.15e+03
-1.05e+03
-901
-804
-665
-517
-361
-201
-37
120
276
420
556
676
780
863
920
959
939
959
923
860
780
675
556
420
275
120
-41
-204
-364
-516
-665
-804
-904
-1.05e+03
-1.15e+03
-1.24e+03
-1.32e+03
-1.37e+03
-1.41e+03
-1.44e+03
-1.45e+03
-1.44e+03
-1.42e+03
-1.37e+03
-1.32e+03
-1.24e+03
-1.15e+03
-1.05e+03
-961
-856
-708
-545
-373
-192
-8
179
356
523
676
812
920
1.01e+03
1.06e+03
1.08e+03
1.04e+03
1.03e+03
948
847
712
555
383
195
3
-189
-376
-552
-708
-840
-945
-1.02e+03
-1.09e+03
-1.13e+03
-1.1e+03
-1.03e+03
-929
-797
-641
-464
-269
-72
132
328
516
692
851
983
1.06e+03
1.12e+03
1.18e+03
1.23e+03
1.25e+03
1.25e+03
1.24e+03
1.21e+03
1.18e+03
1.13e+03
1.08e+03
1.02e+03
971
920
872
832
831
831
807
787
771
759
751
744
744
744
748
756
771
788
808
831
891
884
916
948
983
1.02e+03
1.04e+03
1.08e+03
1.1e+03
1.11e+03
1.12e+03
1.12e+03
1.1e+03
1.08e+03
1.04e+03
996
963
916
820
708
587
451
307
155
0
-153
-304
-449
-584
-709
-817
-913
-964
-993
-1.04e+03
-1.08e+03
-1.1e+03
-1.12e+03
-1.12e+03
-1.11e+03
-1.09e+03
-1.07e+03
-1.04e+03
-1.01e+03
-980
-945
-913
-884
-885
-828
-804
-784
-768
-756
-748
-741
-740
-741
-748
-757
-768
-785
-804
-829
-828
-832
-873
-920
-969
-1.02e+03
-1.08e+03
-1.13e+03
-1.17e+03
-1.21e+03
-1.24e+03
-1.25e+03
-1.25e+03
-1.22e+03
-1.18e+03
-1.12e+03
-1e+03
-925
-801
-661
-504
-333
-160
19
195
367
524
668
791
888
963
1.01e+03
1.06e+03
1.01e+03
963
888
791
668
524
367
195
19
-160
-333
-504
-661
-801
-925
-1.06e+03
-1.17e+03
-1.22e+03
-1.25e+03
-1.26e+03
-1.24e+03
-1.21e+03
-1.15e+03
-1.09e+03
-1.02e+03
-956
-888
-828
-772
-733
-709
-728
-760
-777
-801
-837
-877
-921
-969
-1.01e+03
-1.05e+03
-1.08e+03
-1.11e+03
-1.11e+03
-1.11e+03
-1.09e+03
-1.05e+03
-960
-860
-773
-677
-572
-456
-336
-209
-77
55
184
316
443
564
683
792
863
928
1.02e+03
1.1e+03
1.18e+03
1.24e+03
1.3e+03
1.34e+03
1.37e+03
1.38e+03
1.39e+03
1.37e+03
1.33e+03
1.28e+03
1.2e+03
1.11e+03
1.02e+03
860
712
548
376
195
8
-173
-353
-521
-676
-809
-920
-1e+03
-1.06e+03
-1.08e+03
-1.04e+03
-1.02e+03
-948
-844
-708
-552
-377
-192
3
192
380
555
711
843
948
1.02e+03
1.04e+03
1.08e+03
1.06e+03
1e+03
920
811
675
520
352
176
-8
-193
-373
-548
-709
-857
-964
-1.05e+03
-1.15e+03
-1.24e+03
-1.32e+03
-1.37e+03
-1.41e+03
-1.44e+03
-1.45e+03
-1.44e+03
-1.41e+03
-1.37e+03
-1.31e+03
-1.24e+03
-1.15e+03
-1.05e+03
-957
-857
-705
-544
-372
-192
-8
176
356
524
679
811
923
1.01e+03
1.06e+03
1.08e+03
1.04e+03
1.02e+03
948
840
708
555
379
195
-1
-193
-377
-552
-708
-841
-948
-1.02e+03
-1.1e+03
-1.13e+03
-1.1e+03
-1.03e+03
-932
-797
-640
-464
-272
-72
131
331
520
695
851
984
1.07e+03
1.12e+03
1.19e+03
1.23e+03
1.25e+03
1.25e+03
1.24e+03
1.22e+03
1.18e+03
1.13e+03
1.08e+03
1.02e+03
968
923
875
832
831
831
808
787
771
759
748
744
740
744
748
759
771
787
808
831
828
832
875
919
972
1.02e+03
1.08e+03
1.13e+03
1.18e+03
1.22e+03
1.24e+03
1.26e+03
1.25e+03
1.23e+03
1.19e+03
1.12e+03
1.07e+03
984
851
696
520
331
131
-72
-272
-464
-641
-800
-932
-1.03e+03
-1.1e+03
-1.13e+03
-1.15e+03
-1.08e+03
-989
-869
-720
-544
-345
-136
83
296
500
688
856
991
1.09e+03
1.15e+03
1.2e+03
1.2e+03
1.13e+03
1.02e+03
867
680
471
240
0
-237
-465
-677
-861
-1.02e+03
-1.13e+03
-1.2e+03
-1.25e+03
-1.2e+03
-1.13e+03
-1.02e+03
-861
-677
-465
-237
0
240
471
680
867
1.02e+03
1.13e+03
1.2e+03
1.26e+03
1.2e+03
1.13e+03
1.02e+03
864
680
471
240
3
-237
-468
-677
-864
-1.02e+03
-1.13e+03
-1.2e+03
-1.19e+03
-1.15e+03
-1.09e+03
-985
-852
-685
-500
-293
-80
140
351
547
723
875
992
1.08e+03
1.1e+03
1.08e+03
1.06e+03
1.01e+03
924
812
676
524
356
176
-8
-192
-373
-545
-708
-857
-961
-1.05e+03
-1.15e+03
-1.24e+03
-1.32e+03
-1.37e+03
-1.41e+03
-1.44e+03
-1.45e+03
-1.44e+03
-1.42e+03
-1.37e+03
-1.32e+03
-1.24e+03
-1.15e+03
-1.05e+03
-961
-856
-708
-545
-373
-192
-8
179
356
523
676
812
920
1.01e+03
1.06e+03
1.08e+03
1.1e+03
1.08e+03
995
875
723
544
348
140
-77
-292
-496
-685
-852
-984
-1.08e+03
-1.15e+03
-1.13e+03
-1.14e+03
-1.09e+03
-984
-849
-688
-497
-293
-80
136
347
544
723
872
992
1.08e+03
1.16e+03
1.14e+03
1.1e+03
1.04e+03
935
800
644
467
276
72
-128
-328
-516
-689
-845
-980
-1.12e+03
-1.17e+03
-1.22e+03
-1.25e+03
-1.26e+03
-1.24e+03
-1.2e+03
-1.15e+03
-1.09e+03
-1.02e+03
-956
-885
-825
-772
-733
-708
-668
-708
-733
-773
-828
-888
-957
-1.03e+03
-1.09e+03
-1.16e+03
-1.21e+03
-1.24e+03
-1.26e+03
-1.26e+03
-1.23e+03
-1.17e+03
-1.12e+03
-980
-845
-689
-517
-325
-129
76
275
468
644
804
935
1.04e+03
1.1e+03
1.13e+03
1.1e+03
1.03e+03
951
844
711
556
380
192
3
-193
-377
-553
-708
-841
-945
-1.02e+03
-1.04e+03
-1.08e+03
-1.06e+03
-1e+03
-920
-809
-673
-521
-353
-173
11
195
376
548
712
863
964
1.06e+03
1.16e+03
1.24e+03
1.32e+03
1.38e+03
1.42e+03
1.44e+03
1.45e+03
1.44e+03
1.42e+03
1.38e+03
1.32e+03
1.24e+03
1.16e+03
1.05e+03
903
807
667
519
363
203
43
-117
-273
-417
-553
-672
-773
-857
-916
-953
-936
-949
-916
-856
-773
-672
-552
-417
-272
-117
44
204
363
520
671
807
963
1.11e+03
1.2e+03
1.28e+03
1.33e+03
1.37e+03
1.39e+03
1.39e+03
1.37e+03
1.34e+03
1.3e+03
1.24e+03
1.18e+03
1.1e+03
1.02e+03
931
804
739
640
536
432
327
220
111
3
-108
-216
-324
-429
-533
-637
-736
-801
-925
-1.02e+03
-1.1e+03
-1.17e+03
-1.24e+03
-1.29e+03
-1.34e+03
-1.37e+03
-1.38e+03
-1.38e+03
-1.36e+03
-1.33e+03
-1.27e+03
-1.19e+03
-1.1e+03
-1.02e+03
-856
-708
-545
-372
-189
-8
176
356
523
676
812
923
1.01e+03
1.06e+03
1.08e+03
1.04e+03
1.02e+03
948
843
711
552
380
192
0
-192
-380
-552
-709
-841
-948
-1.02e+03
-1.04e+03
-1.08e+03
-1.06e+03
-1e+03
-917
-808
-673
-520
-352
-172
8
195
372
547
708
859
1.02e+03
1.1e+03
1.2e+03
1.28e+03
1.33e+03
1.36e+03
1.38e+03
1.38e+03
1.37e+03
1.34e+03
1.3e+03
1.24e+03
1.18e+03
1.1e+03
1.02e+03
927
863
791
680
564
444
316
184
55
-80
-209
-336
-457
-573
-676
-776
-857
-960
-1.05e+03
-1.09e+03
-1.11e+03
-1.11e+03
-1.11e+03
-1.08e+03
-1.05e+03
-1.01e+03
-968
-921
-876
-836
-801
-776
-760
-784
-760
-773
-800
-836
-877
-920
-968
-1.01e+03
-1.05e+03
-1.08e+03
-1.1e+03
-1.11e+03
-1.11e+03
-1.09e+03
-1.05e+03
-1.02e+03
-912
-817
-705
-584
-448
-304
-152
4
156
307
452
588
712
820
916
967
996
1.05e+03
1.08e+03
1.1e+03
1.12e+03
1.12e+03
1.11e+03
1.1e+03
1.07e+03
1.04e+03
1.01e+03
983
948
916
887
888
828
807
787
768
760
748
744
743
744
748
759
772
788
808
832
831
836
875
920
972
1.03e+03
1.08e+03
1.13e+03
1.18e+03
1.21e+03
1.24e+03
1.26e+03
1.25e+03
1.23e+03
1.18e+03
1.12e+03
1.06e+03
980
848
692
516
331
131
-69
-272
-465
-640
-797
-932
-1.03e+03
-1.1e+03
-1.13e+03
-1.15e+03
-1.07e+03
-988
-868
-716
-541
-344
-133
83
296
500
691
856
991
1.09e+03
1.15e+03
1.14e+03
1.15e+03
1.09e+03
991
855
691
503
295
83
-133
-345
-544
-720
-869
-989
-1.08e+03
-1.1e+03
-1.08e+03
-1.06e+03
-1e+03
-920
-808
-676
-521
-353
-173
11
195
375
548
712
860
1.02e+03
1.11e+03
1.2e+03
1.28e+03
1.33e+03
1.37e+03
1.38e+03
1.38e+03
1.37e+03
1.34e+03
1.3e+03
1.24e+03
1.18e+03
1.1e+03
1.02e+03
931
804
739
639
536
431
327
220
111
0
-108
-217
-324
-428
-533
-636
-736
-801
-928
-1.01e+03
-1.1e+03
-1.17e+03
-1.24e+03
-1.29e+03
-1.34e+03
-1.37e+03
-1.38e+03
-1.38e+03
-1.37e+03
-1.33e+03
-1.27e+03
-1.2e+03
-1.11e+03
-961
-805
-665
-517
-361
-201
-37
120
276
423
556
676
779
863
920
959
939
959
923
863
779
675
556
423
276
120
-40
-201
-361
-516
-665
-805
-960
-1.1e+03
-1.2e+03
-1.27e+03
-1.33e+03
-1.36e+03
-1.38e+03
-1.38e+03
-1.37e+03
-1.34e+03
-1.29e+03
-1.24e+03
-1.17e+03
-1.1e+03
-1.02e+03
-925
-800
-736
-636
-533
-429
-321
-216
-108
3
108
216
324
431
535
639
739
804
927
1.02e+03
1.1e+03
1.18e+03
1.24e+03
1.3e+03
1.34e+03
1.37e+03
1.38e+03
1.38e+03
1.36e+03
1.33e+03
1.27e+03
1.2e+03
1.1e+03
1.02e+03
859
708
548
376
195
11
-173
-353
-520
-673
-805
-920
-1e+03
-1.06e+03
-1.08e+03
-1.03e+03
-1.02e+03
-944
-840
-708
-549
-377
-189
0
195
383
555
712
844
952
1.03e+03
1.1e+03
1.14e+03
1.1e+03
1.04e+03
935
803
647
468
276
76
-128
-328
-513
-689
-845
-981
-1.12e+03
-1.17e+03
-1.22e+03
-1.25e+03
-1.26e+03
-1.24e+03
-1.21e+03
-1.15e+03
-1.09e+03
-1.02e+03
-953
-885
-825
-772
-732
-705
-725
-760
-776
-800
-836
-877
-920
-968
-1.01e+03
-1.05e+03
-1.09e+03
-1.1e+03
-1.11e+03
-1.11e+03
-1.09e+03
-1.05e+03
-1.02e+03
-912
-816
-708
-584
-449
-304
-152
0
159
307
452
587
712
820
916
964
999
1.05e+03
1.08e+03
1.11e+03
1.12e+03
1.12e+03
1.11e+03
1.1e+03
1.08e+03
1.05e+03
1.02e+03
984
951
919
887
831
779
767
759
763
768
783
800
823
848
871
891
915
932
947
955
991
956
947
931
916
895
868
847
823
803
780
768
760
760
767
780
772
835
875
923
972
1.02e+03
1.08e+03
1.13e+03
1.18e+03
1.22e+03
1.24e+03
1.26e+03
1.25e+03
1.23e+03
1.19e+03
1.12e+03
1.07e+03
983
851
692
520
331
132
-72
-272
-465
-640
-800
-932
-1.03e+03
-1.1e+03
-1.13e+03
-1.15e+03
-1.08e+03
-989
-872
-720
-541
-345
-136
83
296
500
691
855
988
1.09e+03
1.15e+03
1.2e+03
1.2e+03
1.13e+03
1.02e+03
867
683
471
240
0
-236
-468
-680
-864
-1.02e+03
-1.13e+03
-1.2e+03
-1.2e+03
-1.15e+03
-1.09e+03
-988
-852
-688
-497
-293
-80
139
348
547
724
875
995
1.08e+03
1.16e+03
1.13e+03
1.1e+03
1.04e+03
932
804
647
467
272
75
-129
-328
-517
-692
-848
-981
-1.06e+03
-1.12e+03
-1.18e+03
-1.23e+03
-1.25e+03
-1.25e+03
-1.24e+03
-1.21e+03
-1.17e+03
-1.13e+03
-1.08e+03
-1.02e+03
-968
-916
-872
-832
-768
-773
-760
-756
-753
-764
-780
-797
-820
-841
-865
-892
-912
-928
-941
-952
-985
-952
-944
-929
-912
-892
-865
-844
-820
-796
-777
-764
-756
-753
-761
-776
-825
-884
-913
-944
-977
-1.01e+03
-1.04e+03
-1.07e+03
-1.09e+03
-1.11e+03
-1.12e+03
-1.11e+03
-1.1e+03
-1.08e+03
-1.04e+03
-993
-960
-912
-816
-705
-581
-448
-304
-153
0
155
307
451
587
711
819
915
1.02e+03
1.05e+03
1.09e+03
1.11e+03
1.12e+03
1.11e+03
1.09e+03
1.05e+03
1.02e+03
971
924
879
839
803
779
763
787
763
779
807
836
880
927
971
1.02e+03
1.06e+03
1.09e+03
1.11e+03
1.12e+03
1.11e+03
1.09e+03
1.05e+03
1.02e+03
916
823
712
588
452
307
156
0
-153
-304
-449
-584
-709
-817
-913
-961
-996
-1.04e+03
-1.08e+03
-1.1e+03
-1.12e+03
-1.12e+03
-1.11e+03
-1.09e+03
-1.07e+03
-1.04e+03
-1.01e+03
-980
-948
-913
-885
-884
-829
-801
-781
-768
-753
-744
-740
-740
-740
-745
-756
-765
-781
-805
-828
-885
-884
-913
-945
-980
-1.01e+03
-1.04e+03
-1.07e+03
-1.09e+03
-1.11e+03
-1.12e+03
-1.12e+03
-1.1e+03
-1.08e+03
-1.04e+03
-992
-900
-857
-773
-677
-573
-457
-336
-208
-77
55
184
316
443
567
683
792
923
983
1.06e+03
1.13e+03
1.19e+03
1.23e+03
1.26e+03
1.28e+03
1.29e+03
1.28e+03
1.26e+03
1.23e+03
1.18e+03
1.13e+03
1.06e+03
980
863
736
636
535
432
324
219
108
3
-108
-216
-321
-429
-533
-637
-733
-860
-980
-1.06e+03
-1.13e+03
-1.18e+03
-1.23e+03
-1.26e+03
-1.28e+03
-1.29e+03
-1.28e+03
-1.26e+03
-1.23e+03
-1.18e+03
-1.13e+03
-1.06e+03
-977
-920
-789
-677
-561
-440
-313
-181
-52
80
212
339
460
576
680
776
860
907
996
1.05e+03
1.08e+03
1.11e+03
1.12e+03
1.12e+03
1.11e+03
1.1e+03
1.07e+03
1.04e+03
1.02e+03
984
951
916
887
831
776
764
759
759
767
783
800
823
847
871
891
915
931
944
955
931
903
903
903
904
904
903
903
903
903
903
904
904
903
904
903
932
956
947
935
916
895
872
848
823
800
783
768
763
759
764
780
831
887
919
951
983
1.02e+03
1.04e+03
1.08e+03
1.1e+03
1.11e+03
1.12e+03
1.12e+03
1.11e+03
1.08e+03
1.05e+03
999
907
863
779
683
575
463
339
211
83
-52
-181
-313
-440
-564
-680
-788
-920
-977
-1.06e+03
-1.13e+03
-1.18e+03
-1.23e+03
-1.26e+03
-1.28e+03
-1.29e+03
-1.28e+03
-1.26e+03
-1.23e+03
-1.18e+03
-1.13e+03
-1.06e+03
-977
-920
-785
-677
-561
-440
-312
-181
-49
83
212
340
460
576
683
779
864
904
999
1.05e+03
1.08e+03
1.11e+03
1.12e+03
1.12e+03
1.11e+03
1.1e+03
1.08e+03
1.05e+03
1.02e+03
983
951
919
888
891
832
808
788
771
759
751
747
743
744
751
759
771
787
808
832
891
891
916
951
984
1.02e+03
1.05e+03
1.08e+03
1.1e+03
1.11e+03
1.12e+03
1.12e+03
1.11e+03
1.08e+03
1.05e+03
1e+03
964
915
820
711
587
451
307
155
0
-153
-304
-449
-584
-708
-820
-913
-961
-996
-1.04e+03
-1.08e+03
-1.11e+03
-1.12e+03
-1.12e+03
-1.11e+03
-1.09e+03
-1.07e+03
-1.04e+03
-1.01e+03
-980
-948
-916
-885
-829
-776
-764
-757
-757
-765
-777
-797
-820
-844
-865
-889
-912
-928
-944
-952
-928
-897
-900
-900
-901
-897
-900
-897
-900
-900
-901
-900
-901
-901
-901
-900
-872
-900
-901
-901
-901
-901
-900
-900
-900
-900
-901
-904
-900
-901
-901
-901
-928
-953
-944
-929
-913
-889
-869
-844
-821
-800
-781
-765
-760
-757
-761
-776
-769
-832
-873
-917
-968
-1.02e+03
-1.08e+03
-1.13e+03
-1.17e+03
-1.21e+03
-1.24e+03
-1.25e+03
-1.25e+03
-1.23e+03
-1.18e+03
-1.12e+03
-1e+03
-929
-805
-664
-505
-337
-161
16
195
364
524
667
791
891
964
1.01e+03
999
959
920
860
779
675
556
420
275
120
-41
-201
-361
-517
-665
-804
-901
-1.05e+03
-1.16e+03
-1.24e+03
-1.32e+03
-1.37e+03
-1.41e+03
-1.44e+03
-1.45e+03
-1.44e+03
-1.41e+03
-1.37e+03
-1.32e+03
-1.24e+03
-1.15e+03
-1.05e+03
-900
-804
-664
-516
-360
-200
-40
120
276
420
556
675
779
860
920
956
995
1.01e+03
963
888
788
667
523
363
195
16
-161
-336
-504
-664
-805
-929
-1e+03
-1.12e+03
-1.18e+03
-1.23e+03
-1.25e+03
-1.25e+03
-1.24e+03
-1.21e+03
-1.18e+03
-1.13e+03
-1.08e+03
-1.02e+03
-969
-917
-873
-833
-769
-776
-761
-756
-757
-768
-781
-797
-820
-845
-868
-892
-913
-932
-944
-953
-929
-901
-901
-901
-901
-901
-901
-901
-901
-901
-901
-901
-901
-901
-901
-901
-872
-901
-901
-901
-901
-901
-901
-901
-901
-901
-901
-901
-901
-901
-901
-901
-929
-953
-944
-932
-913
-892
-868
-845
-820
-797
-781
-768
-757
-756
-761
-776
-769
-833
-873
-917
-969
-1.02e+03
-1.08e+03
-1.13e+03
-1.18e+03
-1.21e+03
-1.24e+03
-1.25e+03
-1.25e+03
-1.23e+03
-1.18e+03
-1.12e+03
-1.06e+03
-980
-848
-689
-517
-325
-129
72
275
464
644
800
932
1.04e+03
1.1e+03
1.13e+03
1.1e+03
1.02e+03
948
843
708
555
380
195
0
-192
-377
-552
-708
-840
-945
-1.02e+03
-1.04e+03
-1.08e+03
-1.06e+03
-1e+03
-920
-808
-672
-520
-353
-173
8
196
375
547
711
860
960
1.05e+03
1.16e+03
1.24e+03
1.32e+03
1.38e+03
1.42e+03
1.44e+03
1.45e+03
1.44e+03
1.42e+03
1.38e+03
1.32e+03
1.25e+03
1.16e+03
1.05e+03
967
863
712
548
376
195
11
-173
-353
-521
-673
-809
-920
-1e+03
-1.06e+03
-1.08e+03
-1.04e+03
-1.02e+03
-945
-841
-708
-553
-377
-193
3
192
380
556
711
844
951
1.03e+03
1.1e+03
1.13e+03
1.1e+03
1.04e+03
935
804
644
468
275
76
-129
-325
-517
-689
-845
-980
-1.06e+03
-1.12e+03
-1.18e+03
-1.23e+03
-1.25e+03
-1.25e+03
-1.24e+03
-1.21e+03
-1.17e+03
-1.13e+03
-1.08e+03
-1.02e+03
-968
-920
-872
-833
-769
-776
-761
-756
-757
-765
-780
-797
-820
-844
-868
-889
-913
-929
-944
-952
-928
-900
-900
-900
-900
-897
-897
-897
-896
-897
-897
-897
-901
-900
-900
-900
-868
-900
-900
-900
-900
-901
-900
-900
-901
-901
-900
-901
-901
-901
-901
-901
-868
-901
-901
-901
-901
-901
-900
-900
-900
-900
-897
-897
-901
-900
-900
-897
-928
-953
-941
-928
-909
-889
-868
-844
-820
-796
-777
-765
-756
-756
-761
-777
-769
-833
-873
-920
-968
-1.02e+03
-1.08e+03
-1.13e+03
-1.17e+03
-1.21e+03
-1.24e+03
-1.25e+03
-1.25e+03
-1.22e+03
-1.18e+03
-1.12e+03
-1.06e+03
-980
-845
-689
-513
-325
-128
76
276
467
643
800
932
1.03e+03
1.1e+03
1.13e+03
1.1e+03
1.02e+03
951
843
711
555
380
195
3
-192
-377
-549
-705
-840
-945
-1.02e+03
-1.09e+03
-1.13e+03
-1.1e+03
-1.03e+03
-929
-797
-641
-464
-272
-72
131
328
516
692
848
983
1.06e+03
1.12e+03
1.18e+03
1.23e+03
1.25e+03
1.25e+03
1.24e+03
1.21e+03
1.18e+03
1.13e+03
1.08e+03
1.02e+03
971
919
872
832
828
831
807
787
771
759
748
744
743
744
751
759
771
788
811
832
891
888
919
952
984
1.02e+03
1.05e+03
1.07e+03
1.1e+03
1.11e+03
1.12e+03
1.12e+03
1.11e+03
1.08e+03
1.05e+03
999
963
915
819
711
587
451
304
155
3
-152
-304
-448
-581
-708
-816
-912
-1.02e+03
-1.05e+03
-1.09e+03
-1.11e+03
-1.11e+03
-1.1e+03
-1.08e+03
-1.05e+03
-1.01e+03
-968
-921
-877
-833
-800
-773
-760
-785
-760
-776
-800
-833
-877
-920
-965
-1.01e+03
-1.05e+03
-1.08e+03
-1.11e+03
-1.11e+03
-1.11e+03
-1.09e+03
-1.05e+03
-960
-860
-773
-677
-572
-457
-336
-209
-77
55
184
316
443
564
683
792
920
983
1.06e+03
1.13e+03
1.19e+03
1.23e+03
1.26e+03
1.28e+03
1.29e+03
1.28e+03
1.26e+03
1.23e+03
1.19e+03
1.13e+03
1.06e+03
983
923
792
683
564
443
316
187
55
-77
-209
-336
-460
-573
-680
-776
-860
-904
-993
-1.04e+03
-1.08e+03
-1.1e+03
-1.12e+03
-1.12e+03
-1.11e+03
-1.09e+03
-1.07e+03
-1.04e+03
-1.01e+03
-977
-945
-913
-881
-885
-828
-804
-784
-765
-756
-745
-741
-740
-741
-748
-756
-768
-785
-805
-829
-888
-885
-916
-948
-980
-1.01e+03
-1.04e+03
-1.07e+03
-1.09e+03
-1.11e+03
-1.12e+03
-1.12e+03
-1.11e+03
-1.08e+03
-1.04e+03
-992
-901
-860
-773
-677
-572
-456
-336
-209
-77
55
184
316
443
564
683
792
923
983
1.06e+03
1.13e+03
1.19e+03
1.23e+03
1.26e+03
1.28e+03
1.29e+03
1.28e+03
1.26e+03
1.23e+03
1.19e+03
1.13e+03
1.06e+03
980
864
739
640
536
432
327
220
111
3
-108
-216
-324
-429
-533
-637
-736
-861
-980
-1.06e+03
-1.13e+03
-1.18e+03
-1.23e+03
-1.26e+03
-1.28e+03
-1.29e+03
-1.28e+03
-1.26e+03
-1.23e+03
-1.18e+03
-1.12e+03
-1.06e+03
-977
-860
-736
-633
-532
-428
-321
-213
-108
0
111
219
327
431
536
636
739
863
980
1.06e+03
1.13e+03
1.18e+03
1.23e+03
1.26e+03
1.28e+03
1.29e+03
1.28e+03
1.26e+03
1.23e+03
1.18e+03
1.13e+03
1.06e+03
983
863
736
636
535
431
324
219
111
3
-108
-217
-324
-432
-536
-636
-736
-861
-980
-1.06e+03
-1.13e+03
-1.18e+03
-1.23e+03
-1.26e+03
-1.28e+03
-1.29e+03
-1.28e+03
-1.26e+03
-1.23e+03
-1.18e+03
-1.13e+03
-1.06e+03
-977
-917
-785
-677
-561
-437
-313
-181
-48
83
215
340
460
576
683
776
863
964
1.05e+03
1.09e+03
1.11e+03
1.12e+03
1.11e+03
1.09e+03
1.06e+03
1.02e+03
971
924
876
839
804
776
760
728
711
732
775
827
888
956
1.03e+03
1.1e+03
1.16e+03
1.21e+03
1.24e+03
1.26e+03
1.26e+03
1.23e+03
1.18e+03
1.12e+03
987
852
696
520
332
132
-72
-269
-464
-640
-797
-929
-1.03e+03
-1.1e+03
-1.13e+03
-1.09e+03
-1.02e+03
-948
-841
-708
-549
-377
-192
3
195
380
552
708
843
948
1.02e+03
1.04e+03
1.08e+03
1.06e+03
1e+03
923
811
676
523
356
176
-5
-192
-372
-544
-708
-857
-957
-1.05e+03
-1.15e+03
-1.24e+03
-1.32e+03
-1.37e+03
-1.41e+03
-1.44e+03
-1.45e+03
-1.44e+03
-1.41e+03
-1.37e+03
-1.32e+03
-1.24e+03
-1.15e+03
-1.05e+03
-961
-857
-708
-545
-372
-192
-8
176
355
524
676
812
923
1.01e+03
1.06e+03
1.08e+03
1.1e+03
1.08e+03
995
875
723
547
348
140
-77
-293
-497
-688
-852
-988
-1.09e+03
-1.15e+03
-1.2e+03
-1.2e+03
-1.13e+03
-1.02e+03
-861
-676
-468
-237
-1
239
468
679
864
1.02e+03
1.13e+03
1.2e+03
1.26e+03
1.2e+03
1.13e+03
1.02e+03
867
680
471
240
0
-237
-465
-676
-864
-1.01e+03
-1.13e+03
-1.2e+03
-1.25e+03
-1.2e+03
-1.13e+03
-1.02e+03
-861
-677
-465
-236
3
240
471
680
864
1.02e+03
1.13e+03
1.2e+03
1.26e+03
1.2e+03
1.13e+03
1.02e+03
864
680
468
239
3
-236
-465
-680
-864
-1.02e+03
-1.13e+03
-1.2e+03
-1.2e+03
-1.15e+03
-1.09e+03
-985
-852
-688
-497
-293
-80
136
347
544
719
871
992
1.08e+03
1.16e+03
1.13e+03
1.1e+03
1.03e+03
932
803
643
467
276
75
-129
-325
-516
-689
-845
-980
-1.06e+03
-1.12e+03
-1.18e+03
-1.22e+03
-1.25e+03
-1.25e+03
-1.24e+03
-1.21e+03
-1.17e+03
-1.13e+03
-1.08e+03
-1.02e+03
-969
-917
-872
-832
-828
-828
-805
-784
-769
-757
-748
-741
-741
-741
-748
-757
-769
-784
-805
-828
-829
-832
-872
-920
-968
-1.02e+03
-1.08e+03
-1.12e+03
-1.17e+03
-1.21e+03
-1.24e+03
-1.25e+03
-1.25e+03
-1.22e+03
-1.18e+03
-1.12e+03
