001111000011
000100100000
111001010010
101111000101
100111011101
100011100100
100100000001
101000101110
110000111101
111011100000
000110101110
010000111011
011000100011
011100011100
011011111111
010111010010
001111000011
000100100000
111001010010
101111000101
100111011101
100011100100
100100000001
101000101110
110000111101
111011100000
000110101110
010000111011
011000100011
011100011100
011011111111
010111010010
001111000011
000100100000
111001010010
101111000101
100111011101
100011100100
100100000001
101000101110
110000111101
111011100000
000110101110
010000111011
011000100011
011100011100
011011111111
010111010010
001111000011
000100100000
111001010010
101111000101
100111011101
100011100100
100100000001
101000101110
110000111101
111011100000
000110101110
010000111011
011000100011
011100011100
011011111111
010111010010
001111000011
000100100000
111001010010
101111000101
100111011101
100011100100
100100000001
101000101110
110000111101
111011100000
000110101110
010000111011
011000100011
011100011100
011011111111
010111010010
001111000011
000100100000
111001010010
101111000101
100111011101
100011100100
100100000001
101000101110
110000111101
111011100000
000110101110
010000111011
011000100011
011100011100
011011111111
010111010010
001111000011
000100100000
111001010010
101111000101
100111011101
100011100100
100100000001
101000101110
110000111101
111011100000
000110101110
010000111011
011000100011
011100011100
011011111111
010111010010
001111000011
000100100000
111001010010
101111000101
100111011101
100011100100
100100000001
101000101110
110000111101
111011100000
000110101110
010000111011
011000100011
011100011100
011011111111
010111010010
001111000011
000100100000
111001010010
101111000101
100111011101
100011100100
100100000001
101000101110
110000111101
111011100000
000110101110
010000111011
011000100011
011100011100
011011111111
010111010010
001111000011
000100100000
111001010010
101111000101
100111011101
100011100100
100100000001
101000101110
110000111101
111011100000
000110101110
010000111011
011000100011
011100011100
011011111111
010111010010
001111000011
000100100000
111001010010
101111000101
100111011101
100011100100
100100000001
101000101110
110000111101
111011100000
000110101110
010000111011
011000100011
011100011100
011011111111
010111010010
001111000011
000100100000
111001010010
101111000101
100111011101
100011100100
100100000001
101000101110
110000111101
111011100000
000110101110
010000111011
011000100011
011100011100
011011111111
010111010010
001111000011
000100100000
111001010010
101111000101
100111011101
100011100100
100100000001
101000101110
110000111101
111011100000
000110101110
010000111011
011000100011
011100011100
011011111111
010111010010
001111000011
000100100000
111001010010
101111000101
100111011101
100011100100
100100000001
101000101110
110000111101
111011100000
000110101110
010000111011
011000100011
011100011100
011011111111
010111010010
001111000011
000100100000
111001010010
101111000101
100111011101
100011100100
100100000001
101000101110
110000111101
111011100000
000110101110
010000111011
011000100011
011100011100
011011111111
010111010010
001111000011
000100100000
111001010010
101111000101
100111011101
100011100100
100100000001
101000101110
110000111101
111011100000
000110101110
010000111011
011000100011
011100011100
011011111111
010111010010
001111000011
000100100000
111001010010
101111000101
100111011101
100011100100
100100000001
101000101110
110000111101
111011100000
000110101110
010000111011
011000100011
011100011100
011011111111
010111010010
001111000011
000100100000
111001010010
101111000101
100111011101
100011100100
100100000001
101000101110
110000111101
111011100000
000110101110
010000111011
011000100011
011100011100
011011111111
010111010010
001111000011
000100100000
111001010010
101111000101
100111011101
100011100100
100100000001
101000101110
110000111101
111011100000
000110101110
010000111011
011000100011
011100011100
011011111111
010111010010
001111000011
000100100000
111001010010
101111000101
100111011101
100011100100
100100000001
101000101110
110000111101
111011100000
000110101110
010000111011
011000100011
011100011100
011011111111
010111010010
001111000011
000100100000
111001010010
101111000101
100111011101
100011100100
100100000001
101000101110
110000111101
111011100000
000110101110
010000111011
011000100011
011100011100
011011111111
010111010010
001111000011
000100100000
111001010010
101111000101
100111011101
100011100100
100100000001
101000101110
110000111101
111011100000
000110101110
010000111011
011000100011
011100011100
011011111111
010111010010
001111000011
000100100000
111001010010
101111000101
100111011101
100011100100
100100000001
101000101110
110000111101
111011100000
000110101110
010000111011
011000100011
011100011100
011011111111
010111010010
001111000011
000100100000
111001010010
101111000101
100111011101
100011100100
100100000001
101000101110
110000111101
111011100000
000110101110
010000111011
011000100011
011100011100
011011111111
010111010010
001111000011
000100100000
111001010010
101111000101
100111011101
100011100100
100100000001
101000101110
110000111101
111011100000
000110101110
010000111011
011000100011
011100011100
011011111111
010111010010
001111000011
000100100000
111001010010
101111000101
100111011101
100011100100
100100000001
101000101110
110000111101
111011100000
000110101110
010000111011
011000100011
011100011100
011011111111
010111010010
001111000011
000100100000
111001010010
101111000101
100111011101
100011100100
100100000001
101000101110
110000111101
111011100000
000110101110
010000111011
011000100011
011100011100
011011111111
010111010010
001111000011
000100100000
111001010010
101111000101
100111011101
100011100100
100100000001
101000101110
110000111101
111011100000
000110101110
010000111011
011000100011
011100011100
011011111111
010111010010
001111000011
000100100000
111001010010
101111000101
100111011101
100011100100
100100000001
101000101110
110000111101
111011100000
000110101110
010000111011
011000100011
011100011100
011011111111
010111010010
001111000011
000100100000
111001010010
101111000101
100111011101
100011100100
100100000001
101000101110
110000111101
111011100000
000110101110
010000111011
011000100011
011100011100
011011111111
010111010010
001111000011
000100100000
111001010010
101111000101
100111011101
100011100100
100100000001
101000101110
110000111101
111011100000
000110101110
010000111011
011000100011
011100011100
011011111111
010111010010
001111000011
000100100000
111001010010
101111000101
100111011101
100011100100
100100000001
101000101110
110000111101
111011100000
000110101110
010000111011
011000100011
011100011100
011011111111
