110101010000
110000100101
101110010001
101110101010
110001101011
110110111000
111101011110
000100011101
001010110000
001111011011
010001101111
010001010110
001110010101
001001001000
000010100010
111011100011
110101010000
110000100101
101110010001
101110101010
110001101011
110110111000
111101011110
000100011101
001010110000
001111011011
010001101111
010001010110
001110010101
001001001000
000010100010
111011100011
110101010000
110000100101
101110010001
101110101010
110001101011
110110111000
111101011110
000100011101
001010110000
001111011011
010001101111
010001010110
001110010101
001001001000
000010100010
111011100011
110101010000
110000100101
101110010001
101110101010
110001101011
110110111000
111101011110
000100011101
001010110000
001111011011
010001101111
010001010110
001110010101
001001001000
000010100010
111011100011
110101010000
110000100101
101110010001
101110101010
110001101011
110110111000
111101011110
000100011101
001010110000
001111011011
010001101111
010001010110
001110010101
001001001000
000010100010
111011100011
110101010000
110000100101
101110010001
101110101010
110001101011
110110111000
111101011110
000100011101
001010110000
001111011011
010001101111
010001010110
001110010101
001001001000
000010100010
111011100011
110101010000
110000100101
101110010001
101110101010
110001101011
110110111000
111101011110
000100011101
001010110000
001111011011
010001101111
010001010110
001110010101
001001001000
000010100010
111011100011
110101010000
110000100101
101110010001
101110101010
110001101011
110110111000
111101011110
000100011101
001010110000
001111011011
010001101111
010001010110
001110010101
001001001000
000010100010
111011100011
110101010000
110000100101
101110010001
101110101010
110001101011
110110111000
111101011110
000100011101
001010110000
001111011011
010001101111
010001010110
001110010101
001001001000
000010100010
111011100011
110101010000
110000100101
101110010001
101110101010
110001101011
110110111000
111101011110
000100011101
001010110000
001111011011
010001101111
010001010110
001110010101
001001001000
000010100010
111011100011
110101010000
110000100101
101110010001
101110101010
110001101011
110110111000
111101011110
000100011101
001010110000
001111011011
010001101111
010001010110
001110010101
001001001000
000010100010
111011100011
110101010000
110000100101
101110010001
101110101010
110001101011
110110111000
111101011110
000100011101
001010110000
001111011011
010001101111
010001010110
001110010101
001001001000
000010100010
111011100011
110101010000
110000100101
101110010001
101110101010
110001101011
110110111000
111101011110
000100011101
001010110000
001111011011
010001101111
010001010110
001110010101
001001001000
000010100010
111011100011
110101010000
110000100101
101110010001
101110101010
110001101011
110110111000
111101011110
000100011101
001010110000
001111011011
010001101111
010001010110
001110010101
001001001000
000010100010
111011100011
110101010000
110000100101
101110010001
101110101010
110001101011
110110111000
111101011110
000100011101
001010110000
001111011011
010001101111
010001010110
001110010101
001001001000
000010100010
111011100011
110101010000
110000100101
101110010001
101110101010
110001101011
110110111000
111101011110
000100011101
001010110000
001111011011
010001101111
010001010110
001110010101
001001001000
000010100010
111011100011
110101010000
110000100101
101110010001
101110101010
110001101011
110110111000
111101011110
000100011101
001010110000
001111011011
010001101111
010001010110
001110010101
001001001000
000010100010
111011100011
110101010000
110000100101
101110010001
101110101010
110001101011
110110111000
111101011110
000100011101
001010110000
001111011011
010001101111
010001010110
001110010101
001001001000
000010100010
111011100011
110101010000
110000100101
101110010001
101110101010
110001101011
110110111000
111101011110
000100011101
001010110000
001111011011
010001101111
010001010110
001110010101
001001001000
000010100010
111011100011
110101010000
110000100101
101110010001
101110101010
110001101011
110110111000
111101011110
000100011101
001010110000
001111011011
010001101111
010001010110
001110010101
001001001000
000010100010
111011100011
110101010000
110000100101
101110010001
101110101010
110001101011
110110111000
111101011110
000100011101
001010110000
001111011011
010001101111
010001010110
001110010101
001001001000
000010100010
111011100011
110101010000
110000100101
101110010001
101110101010
110001101011
110110111000
111101011110
000100011101
001010110000
001111011011
010001101111
010001010110
001110010101
001001001000
000010100010
111011100011
110101010000
110000100101
101110010001
101110101010
110001101011
110110111000
111101011110
000100011101
001010110000
001111011011
010001101111
010001010110
001110010101
001001001000
000010100010
111011100011
110101010000
110000100101
101110010001
101110101010
110001101011
110110111000
111101011110
000100011101
001010110000
001111011011
010001101111
010001010110
001110010101
001001001000
000010100010
111011100011
110101010000
110000100101
101110010001
101110101010
110001101011
110110111000
111101011110
000100011101
001010110000
001111011011
010001101111
010001010110
001110010101
001001001000
000010100010
111011100011
110101010000
110000100101
101110010001
101110101010
110001101011
110110111000
111101011110
000100011101
001010110000
001111011011
010001101111
010001010110
001110010101
001001001000
000010100010
111011100011
110101010000
110000100101
101110010001
101110101010
110001101011
110110111000
111101011110
000100011101
001010110000
001111011011
010001101111
010001010110
001110010101
001001001000
000010100010
111011100011
110101010000
110000100101
101110010001
101110101010
110001101011
110110111000
111101011110
000100011101
001010110000
001111011011
010001101111
010001010110
001110010101
001001001000
000010100010
111011100011
110101010000
110000100101
101110010001
101110101010
110001101011
110110111000
111101011110
000100011101
001010110000
001111011011
010001101111
010001010110
001110010101
001001001000
000010100010
111011100011
110101010000
110000100101
101110010001
101110101010
110001101011
110110111000
111101011110
000100011101
001010110000
001111011011
010001101111
010001010110
001110010101
001001001000
000010100010
111011100011
110101010000
110000100101
101110010001
101110101010
110001101011
110110111000
111101011110
000100011101
001010110000
001111011011
010001101111
010001010110
001110010101
001001001000
000010100010
111011100011
110101010000
110000100101
101110010001
101110101010
110001101011
110110111000
111101011110
000100011101
001010110000
001111011011
010001101111
010001010110
001110010101
001001001000
000010100010
