101111011000
101001001101
100110011111
100111101011
101100100011
110100011001
111110000000
000111111010
010000101000
010110110011
011001100001
011000010101
010011011101
001011100111
000010000000
111000000110
101111011000
101001001101
100110011111
100111101011
101100100011
110100011001
111110000000
000111111010
010000101000
010110110011
011001100001
011000010101
010011011101
001011100111
000010000000
111000000110
101111011000
101001001101
100110011111
100111101011
101100100011
110100011001
111110000000
000111111010
010000101000
010110110011
011001100001
011000010101
010011011101
001011100111
000010000000
111000000110
101111011000
101001001101
100110011111
100111101011
101100100011
110100011001
111110000000
000111111010
010000101000
010110110011
011001100001
011000010101
010011011101
001011100111
000010000000
111000000110
101111011000
101001001101
100110011111
100111101011
101100100011
110100011001
111110000000
000111111010
010000101000
010110110011
011001100001
011000010101
010011011101
001011100111
000010000000
111000000110
101111011000
101001001101
100110011111
100111101011
101100100011
110100011001
111110000000
000111111010
010000101000
010110110011
011001100001
011000010101
010011011101
001011100111
000010000000
111000000110
101111011000
101001001101
100110011111
100111101011
101100100011
110100011001
111110000000
000111111010
010000101000
010110110011
011001100001
011000010101
010011011101
001011100111
000010000000
111000000110
101111011000
101001001101
100110011111
100111101011
101100100011
110100011001
111110000000
000111111010
010000101000
010110110011
011001100001
011000010101
010011011101
001011100111
000010000000
111000000110
101111011000
101001001101
100110011111
100111101011
101100100011
110100011001
111110000000
000111111010
010000101000
010110110011
011001100001
011000010101
010011011101
001011100111
000010000000
111000000110
101111011000
101001001101
100110011111
100111101011
101100100011
110100011001
111110000000
000111111010
010000101000
010110110011
011001100001
011000010101
010011011101
001011100111
000010000000
111000000110
101111011000
101001001101
100110011111
100111101011
101100100011
110100011001
111110000000
000111111010
010000101000
010110110011
011001100001
011000010101
010011011101
001011100111
000010000000
111000000110
101111011000
101001001101
100110011111
100111101011
101100100011
110100011001
111110000000
000111111010
010000101000
010110110011
011001100001
011000010101
010011011101
001011100111
000010000000
111000000110
101111011000
101001001101
100110011111
100111101011
101100100011
110100011001
111110000000
000111111010
010000101000
010110110011
011001100001
011000010101
010011011101
001011100111
000010000000
111000000110
101111011000
101001001101
100110011111
100111101011
101100100011
110100011001
111110000000
000111111010
010000101000
010110110011
011001100001
011000010101
010011011101
001011100111
000010000000
111000000110
101111011000
101001001101
100110011111
100111101011
101100100011
110100011001
111110000000
000111111010
010000101000
010110110011
011001100001
011000010101
010011011101
001011100111
000010000000
111000000110
101111011000
101001001101
100110011111
100111101011
101100100011
110100011001
111110000000
000111111010
010000101000
010110110011
011001100001
011000010101
010011011101
001011100111
000010000000
111000000110
101111011000
101001001101
100110011111
100111101011
101100100011
110100011001
111110000000
000111111010
010000101000
010110110011
011001100001
011000010101
010011011101
001011100111
000010000000
111000000110
101111011000
101001001101
100110011111
100111101011
101100100011
110100011001
111110000000
000111111010
010000101000
010110110011
011001100001
011000010101
010011011101
001011100111
000010000000
111000000110
101111011000
101001001101
100110011111
100111101011
101100100011
110100011001
111110000000
000111111010
010000101000
010110110011
011001100001
011000010101
010011011101
001011100111
000010000000
111000000110
101111011000
101001001101
100110011111
100111101011
101100100011
110100011001
111110000000
000111111010
010000101000
010110110011
011001100001
011000010101
010011011101
001011100111
000010000000
111000000110
101111011000
101001001101
100110011111
100111101011
101100100011
110100011001
111110000000
000111111010
010000101000
010110110011
011001100001
011000010101
010011011101
001011100111
000010000000
111000000110
101111011000
101001001101
100110011111
100111101011
101100100011
110100011001
111110000000
000111111010
010000101000
010110110011
011001100001
011000010101
010011011101
001011100111
000010000000
111000000110
101111011000
101001001101
100110011111
100111101011
101100100011
110100011001
111110000000
000111111010
010000101000
010110110011
011001100001
011000010101
010011011101
001011100111
000010000000
111000000110
101111011000
101001001101
100110011111
100111101011
101100100011
110100011001
111110000000
000111111010
010000101000
010110110011
011001100001
011000010101
010011011101
001011100111
000010000000
111000000110
101111011000
101001001101
100110011111
100111101011
101100100011
110100011001
111110000000
000111111010
010000101000
010110110011
011001100001
011000010101
010011011101
001011100111
000010000000
111000000110
101111011000
101001001101
100110011111
100111101011
101100100011
110100011001
111110000000
000111111010
010000101000
010110110011
011001100001
011000010101
010011011101
001011100111
000010000000
111000000110
101111011000
101001001101
100110011111
100111101011
101100100011
110100011001
111110000000
000111111010
010000101000
010110110011
011001100001
011000010101
010011011101
001011100111
000010000000
111000000110
101111011000
101001001101
100110011111
100111101011
101100100011
110100011001
111110000000
000111111010
010000101000
010110110011
011001100001
011000010101
010011011101
001011100111
000010000000
111000000110
101111011000
101001001101
100110011111
100111101011
101100100011
110100011001
111110000000
000111111010
010000101000
010110110011
011001100001
011000010101
010011011101
001011100111
000010000000
111000000110
101111011000
101001001101
100110011111
100111101011
101100100011
110100011001
111110000000
000111111010
010000101000
010110110011
011001100001
011000010101
010011011101
001011100111
000010000000
111000000110
101111011000
101001001101
100110011111
100111101011
101100100011
110100011001
111110000000
000111111010
010000101000
010110110011
011001100001
011000010101
010011011101
001011100111
000010000000
111000000110
101111011000
101001001101
100110011111
100111101011
101100100011
110100011001
111110000000
000111111010
010000101000
010110110011
011001100001
011000010101
010011011101
001011100111
000010000000
