101101010110
101101000011
101111101001
110100101110
111011100001
000011000000
001010000010
001111100010
010010101010
010010111101
010000010111
001011010010
000100011111
111101000000
110101111110
110000011110
101101010110
101101000011
101111101001
110100101110
111011100001
000011000000
001010000010
001111100010
010010101010
010010111101
010000010111
001011010010
000100011111
111101000000
110101111110
110000011110
101101010110
101101000011
101111101001
110100101110
111011100001
000011000000
001010000010
001111100010
010010101010
010010111101
010000010111
001011010010
000100011111
111101000000
110101111110
110000011110
101101010110
101101000011
101111101001
110100101110
111011100001
000011000000
001010000010
001111100010
010010101010
010010111101
010000010111
001011010010
000100011111
111101000000
110101111110
110000011110
101101010110
101101000011
101111101001
110100101110
111011100001
000011000000
001010000010
001111100010
010010101010
010010111101
010000010111
001011010010
000100011111
111101000000
110101111110
110000011110
101101010110
101101000011
101111101001
110100101110
111011100001
000011000000
001010000010
001111100010
010010101010
010010111101
010000010111
001011010010
000100011111
111101000000
110101111110
110000011110
101101010110
101101000011
101111101001
110100101110
111011100001
000011000000
001010000010
001111100010
010010101010
010010111101
010000010111
001011010010
000100011111
111101000000
110101111110
110000011110
101101010110
101101000011
101111101001
110100101110
111011100001
000011000000
001010000010
001111100010
010010101010
010010111101
010000010111
001011010010
000100011111
111101000000
110101111110
110000011110
101101010110
101101000011
101111101001
110100101110
111011100001
000011000000
001010000010
001111100010
010010101010
010010111101
010000010111
001011010010
000100011111
111101000000
110101111110
110000011110
101101010110
101101000011
101111101001
110100101110
111011100001
000011000000
001010000010
001111100010
010010101010
010010111101
010000010111
001011010010
000100011111
111101000000
110101111110
110000011110
101101010110
101101000011
101111101001
110100101110
111011100001
000011000000
001010000010
001111100010
010010101010
010010111101
010000010111
001011010010
000100011111
111101000000
110101111110
110000011110
101101010110
101101000011
101111101001
110100101110
111011100001
000011000000
001010000010
001111100010
010010101010
010010111101
010000010111
001011010010
000100011111
111101000000
110101111110
110000011110
101101010110
101101000011
101111101001
110100101110
111011100001
000011000000
001010000010
001111100010
010010101010
010010111101
010000010111
001011010010
000100011111
111101000000
110101111110
110000011110
101101010110
101101000011
101111101001
110100101110
111011100001
000011000000
001010000010
001111100010
010010101010
010010111101
010000010111
001011010010
000100011111
111101000000
110101111110
110000011110
101101010110
101101000011
101111101001
110100101110
111011100001
000011000000
001010000010
001111100010
010010101010
010010111101
010000010111
001011010010
000100011111
111101000000
110101111110
110000011110
101101010110
101101000011
101111101001
110100101110
111011100001
000011000000
001010000010
001111100010
010010101010
010010111101
010000010111
001011010010
000100011111
111101000000
110101111110
110000011110
101101010110
101101000011
101111101001
110100101110
111011100001
000011000000
001010000010
001111100010
010010101010
010010111101
010000010111
001011010010
000100011111
111101000000
110101111110
110000011110
101101010110
101101000011
101111101001
110100101110
111011100001
000011000000
001010000010
001111100010
010010101010
010010111101
010000010111
001011010010
000100011111
111101000000
110101111110
110000011110
101101010110
101101000011
101111101001
110100101110
111011100001
000011000000
001010000010
001111100010
010010101010
010010111101
010000010111
001011010010
000100011111
111101000000
110101111110
110000011110
101101010110
101101000011
101111101001
110100101110
111011100001
000011000000
001010000010
001111100010
010010101010
010010111101
010000010111
001011010010
000100011111
111101000000
110101111110
110000011110
101101010110
101101000011
101111101001
110100101110
111011100001
000011000000
001010000010
001111100010
010010101010
010010111101
010000010111
001011010010
000100011111
111101000000
110101111110
110000011110
101101010110
101101000011
101111101001
110100101110
111011100001
000011000000
001010000010
001111100010
010010101010
010010111101
010000010111
001011010010
000100011111
111101000000
110101111110
110000011110
101101010110
101101000011
101111101001
110100101110
111011100001
000011000000
001010000010
001111100010
010010101010
010010111101
010000010111
001011010010
000100011111
111101000000
110101111110
110000011110
101101010110
101101000011
101111101001
110100101110
111011100001
000011000000
001010000010
001111100010
010010101010
010010111101
010000010111
001011010010
000100011111
111101000000
110101111110
110000011110
101101010110
101101000011
101111101001
110100101110
111011100001
000011000000
001010000010
001111100010
010010101010
010010111101
010000010111
001011010010
000100011111
111101000000
110101111110
110000011110
101101010110
101101000011
101111101001
110100101110
111011100001
000011000000
001010000010
001111100010
010010101010
010010111101
010000010111
001011010010
000100011111
111101000000
110101111110
110000011110
101101010110
101101000011
101111101001
110100101110
111011100001
000011000000
001010000010
001111100010
010010101010
010010111101
010000010111
001011010010
000100011111
111101000000
110101111110
110000011110
101101010110
101101000011
101111101001
110100101110
111011100001
000011000000
001010000010
001111100010
010010101010
010010111101
010000010111
001011010010
000100011111
111101000000
110101111110
110000011110
101101010110
101101000011
101111101001
110100101110
111011100001
000011000000
001010000010
001111100010
010010101010
010010111101
010000010111
001011010010
000100011111
111101000000
110101111110
110000011110
101101010110
101101000011
101111101001
110100101110
111011100001
000011000000
001010000010
001111100010
010010101010
010010111101
010000010111
001011010010
000100011111
111101000000
110101111110
110000011110
101101010110
101101000011
101111101001
110100101110
111011100001
000011000000
001010000010
001111100010
010010101010
010010111101
010000010111
001011010010
000100011111
111101000000
110101111110
110000011110
101101010110
101101000011
101111101001
110100101110
111011100001
000011000000
001010000010
001111100010
010010101010
010010111101
010000010111
001011010010
000100011111
111101000000
110101111110
